2 3
10 11
17 18
12 19
20 21
20 22
23 26
23 28
23 32
23 34
23 36
41 42
43 44
45 46
47 48
49 50
41 51
52 53
54 55
54 57
54 59
60 61
54 54
64 65
66 67
68 69
70 71
71 70
73 74
75 48
80 81
80 68
19 62
82 83
21 72
90 91
92 20
41 94
97 98
51 41
108 109
108 110
108 111
108 112
113 114
122 123
127 128
40 26
40 29
56 55
134 6
135 136
137 138
22 20
139 140
141 142
143 51
143 133
144 145
146 147
148 149
150 150
151 28
154 155
139 15
4 3
84 162
84 49
84 71
123 122
169 115
40 171
123 172
123 61
24 96
173 21
176 177
176 178
122 179
21 22
184 184
181 179
70 186
106 187
108 190
191 157
192 195
41 197
41 198
41 200
41 201
41 202
211 54
212 115
56 58
30 36
30 41
155 213
48 47
96 24
4 62
170 170
71 50
74 218
74 219
74 215
74 220
74 18
74 224
74 226
74 17
74 228
229 64
100 97
230 21
230 20
233 209
233 236
233 237
233 241
233 243
248 74
13 238
106 62
106 249
13 27
13 209
40 251
175 252
169 251
232 231
254 137
249 212
249 255
222 74
183 257
183 183
19 12
259 260
75 261
115 170
262 262
264 266
264 267
269 45
129 270
81 256
46 139
46 15
46 273
46 272
46 274
46 164
46 216
155 114
158 62
231 280
282 283
155 284
46 46
160 28
258 183
162 288
280 291
280 284
280 130
280 292
287 69
287 80
74 248
74 297
298 299
147 249
62 300
302 303
303 302
252 166
252 121
252 115
136 115
303 304
252 212
252 288
252 58
236 238
236 243
175 15
6 5
17 307
17 308
17 74
17 309
17 220
17 310
17 85
17 311
17 312
17 313
17 224
17 314
17 225
17 226
17 228
35 62
236 319
167 167
167 201
254 62
220 177
102 323
102 300
147 212
147 42
147 105
11 324
21 173
21 10
21 20
21 306
21 326
21 327
215 5
73 331
141 332
69 306
139 46
336 115
336 338
336 251
336 135
336 339
251 336
341 309
341 215
341 222
191 342
191 149
191 343
191 344
191 345
191 348
191 349
191 284
191 351
191 231
191 122
191 179
191 207
353 354
90 13
288 233
356 357
194 194
114 361
244 236
160 190
114 129
271 243
252 105
153 62
363 161
363 211
363 365
114 263
114 318
145 87
39 28
165 28
165 169
165 367
37 37
52 185
187 329
187 106
220 223
52 52
52 368
252 96
252 89
252 302
252 369
116 169
362 44
169 116
178 176
265 264
195 194
40 370
238 236
86 41
190 184
160 113
54 211
180 343
160 263
62 153
62 340
14 290
170 115
5 215
80 375
94 201
55 54
295 378
295 379
295 103
295 380
295 382
295 376
295 181
295 383
295 384
295 385
295 388
295 389
295 61
295 391
295 393
295 394
295 250
295 396
295 397
295 398
295 104
295 321
295 60
40 35
37 30
133 307
133 167
133 400
133 232
133 291
133 284
133 206
133 402
133 52
133 403
306 69
113 47
43 407
213 155
263 160
183 282
61 380
114 256
2 305
286 174
409 409
305 63
355 365
114 340
412 2
201 94
63 3
2 412
135 336
172 413
172 123
193 193
296 296
63 174
96 96
149 148
306 306
195 2
258 329
267 19
5 5
327 21
327 416
48 50
48 75
263 417
50 87
50 49
50 71
418 62
214 345
419 290
366 366
417 263
87 154
87 145
87 50
254 186
115 136
423 417
16 424
13 301
38 25
38 40
115 427
329 187
174 63
21 68
329 410
231 172
428 429
430 249
71 162
71 433
71 83
71 84
132 285
435 147
39 23
424 15
115 337
115 437
115 165
115 438
115 439
440 413
440 275
394 104
414 414
29 23
441 360
20 86
30 23
85 41
417 443
417 444
212 282
212 145
434 23
255 249
139 129
417 114
140 446
139 342
414 449
115 23
363 154
74 177
288 84
438 29
451 452
437 135
178 177
116 338
86 453
169 438
210 210
84 121
212 21
458 129
164 46
177 176
177 178
152 147
21 74
107 114
40 48
417 62
113 417
106 405
62 333
139 429
434 365
68 80
116 336
462 463
216 216
244 238
465 155
466 421
160 18
61 295
467 152
26 38
26 40
351 180
148 468
265 19
314 17
91 469
102 2
393 378
393 379
393 103
393 381
393 385
393 392
393 394
393 296
393 250
393 397
393 377
393 368
393 150
393 320
232 52
375 455
171 40
105 473
105 434
152 467
474 91
176 292
79 62
166 424
375 475
375 356
375 66
375 469
375 110
375 375
375 91
375 474
375 112
375 258
375 478
375 90
381 176
381 320
123 338
267 265
320 381
106 44
106 190
164 388
86 106
481 55
116 136
165 337
165 361
165 30
165 133
165 135
139 139
482 340
2 102
106 42
351 178
249 115
249 169
481 58
12 265
58 366
214 214
481 211
481 208
283 82
283 121
316 1
107 137
387 295
62 474
62 258
303 183
178 344
434 105
172 93
194 2
377 377
150 393
429 164
194 192
13 10
429 448
13 35
164 429
63 371
63 363
44 407
170 485
400 260
149 149
309 215
3 3
184 418
417 151
145 121
75 372
105 82
259 20
335 15
215 215
329 143
329 356
329 108
329 357
329 90
311 459
420 29
176 344
282 62
121 212
107 99
490 129
490 365
491 168
199 197
199 200
199 204
199 206
199 201
429 139
363 63
64 91
62 81
428 139
428 446
450 458
186 121
10 260
493 294
312 377
490 106
210 159
309 223
257 278
251 251
107 161
168 129
86 295
20 495
495 20
198 183
157 396
62 79
295 86
107 4
68 62
28 36
232 232
264 498
298 184
305 285
181 250
181 377
499 500
499 501
499 503
499 505
499 43
499 358
499 506
254 107
7 44
245 113
62 128
129 168
305 58
113 151
141 7
86 510
174 174
260 297
512 155
174 107
300 97
513 222
113 423
174 4
5 117
12 12
28 23
434 161
434 19
434 129
174 164
249 129
155 512
91 514
213 360
154 363
518 173
283 62
51 280
519 519
211 481
160 300
211 96
521 340
521 134
430 141
211 55
114 169
4 194
58 252
522 523
524 72
377 368
377 104
40 438
74 42
440 168
59 55
222 215
2 55
44 44
103 526
263 444
263 485
211 371
183 365
527 318
527 48
37 36
128 205
114 527
183 106
30 62
42 87
450 256
21 520
95 41
150 368
249 363
145 212
145 427
269 288
466 529
438 170
329 474
356 356
340 531
141 466
477 91
252 408
252 132
46 269
196 41
229 229
438 123
180 257
89 474
252 269
423 263
534 256
531 340
318 527
135 251
284 149
42 190
13 535
536 86
141 64
176 176
114 245
63 520
466 9
447 139
303 62
251 116
328 459
249 106
542 168
542 543
542 440
82 283
275 542
42 183
42 81
42 115
84 288
440 542
288 71
288 70
440 226
29 26
29 34
29 39
29 545
151 438
175 288
91 474
59 54
59 56
284 377
13 118
258 402
217 432
217 433
217 84
305 57
378 377
331 73
250 104
423 76
255 363
86 536
474 110
13 2
395 395
113 443
113 171
544 542
421 529
149 277
252 412
89 303
549 550
269 256
45 461
82 233
496 421
496 529
473 29
251 40
32 23
335 322
434 255
434 106
434 471
434 189
434 551
254 282
434 490
362 86
553 554
174 16
324 555
157 377
174 140
107 306
370 47
370 38
302 89
434 249
458 542
321 232
2 252
185 354
28 165
28 169
28 367
114 283
114 62
58 55
58 56
58 59
114 28
114 165
306 107
116 361
447 447
377 181
377 296
359 452
351 167
245 48
296 181
385 296
183 543
107 62
359 558
62 256
559 282
62 106
528 528
308 283
285 208
462 561
5 327
6 327
327 6
283 5
322 140
322 334
6 379
48 252
412 252
529 359
372 433
372 134
254 115
47 114
506 44
506 365
404 58
179 180
21 363
96 115
96 170
96 252
170 96
196 95
40 417
160 338
95 207
232 284
40 25
40 27
40 28
40 39
150 181
417 318
3 4
563 290
232 557
115 302
87 441
19 473
504 160
134 553
134 482
134 521
87 493
450 413
564 209
116 115
196 167
473 460
209 11
14 430
278 256
96 135
290 567
290 568
28 338
173 306
569 7
569 452
63 571
320 394
473 19
471 434
559 518
171 41
377 60
64 157
566 569
450 129
434 256
29 51
233 115
371 211
543 183
125 353
452 141
159 233
159 158
159 235
159 240
159 242
159 244
299 184
305 552
61 61
350 572
361 113
361 263
361 114
295 459
105 180
39 86
58 63
285 552
62 132
160 377
493 129
136 135
136 251
178 575
234 236
142 576
377 160
35 28
113 28
114 417
129 172
98 99
577 578
450 142
232 41
259 248
580 580
74 311
581 41
282 74
62 77
7 569
285 174
264 440
484 563
521 583
209 209
391 368
272 290
272 584
43 505
114 78
114 531
285 155
429 428
429 269
377 284
5 53
247 246
5 115
211 63
5 528
95 95
197 197
286 286
528 5
359 529
585 585
495 208
411 411
284 351
329 208
106 20
484 143
128 128
2 586
2 408
2 138
2 434
2 6
6 2
340 482
579 269
213 473
413 542
29 31
29 36
232 60
375 80
142 282
58 2
335 139
92 137
155 429
62 355
218 459
51 232
38 443
23 590
413 172
60 232
232 51
81 509
420 210
513 173
21 92
95 196
95 199
95 167
95 206
372 282
372 594
372 70
58 54
45 269
447 269
593 51
67 66
169 114
448 269
17 42
169 363
169 165
45 45
74 188
424 82
23 251
41 28
41 123
41 165
41 169
314 317
0 316
61 213
76 417
86 68
170 169
87 131
486 129
226 459
25 438
160 106
157 376
157 397
385 385
142 450
416 327
82 183
82 285
82 211
82 552
181 321
14 103
14 380
14 389
14 526
14 394
14 18
14 486
15 62
32 438
482 74
74 482
95 218
183 88
189 473
362 441
334 15
334 269
438 25
316 0
196 204
346 168
318 127
321 181
32 30
180 278
82 531
420 402
440 200
440 458
71 71
52 595
12 161
212 252
596 597
169 367
169 96
179 377
173 340
359 141
127 318
272 46
158 237
158 241
169 169
114 333
210 371
107 81
157 156
61 232
201 207
223 223
520 63
412 412
6 6
48 40
81 418
242 158
513 462
93 93
49 297
411 131
62 115
128 197
55 107
222 268
168 346
438 6
70 433
144 254
13 550
335 97
105 283
55 59
433 70
144 186
134 598
42 147
0 146
371 210
136 41
100 101
263 527
263 361
263 443
263 318
263 442
263 47
263 333
433 288
107 283
526 168
3 58
482 134
490 371
321 380
353 404
196 197
196 199
196 207
433 152
433 432
433 84
146 0
353 125
146 146
81 473
353 100
450 340
450 169
96 375
209 238
209 235
209 241
209 242
209 243
209 244
438 450
180 256
129 458
424 139
62 15
129 600
178 214
128 51
128 41
175 3
86 83
166 283
201 133
201 18
204 377
258 469
265 12
190 62
81 189
333 113
158 210
83 308
552 281
45 371
180 433
602 569
414 603
43 499
83 86
121 71
83 62
58 552
83 160
83 71
105 533
547 171
393 155
349 402
546 145
495 21
160 320
7 161
320 160
495 329
495 606
495 290
284 277
498 43
320 351
212 509
160 478
213 499
213 608
340 173
552 211
249 607
195 192
513 19
351 320
115 363
34 25
34 38
34 40
269 269
556 483
284 280
30 609
410 258
226 106
6 438
211 103
211 611
211 560
211 338
211 107
613 614
258 410
13 179
54 34
427 615
73 311
338 438
143 375
616 320
288 433
112 108
427 261
269 139
320 616
62 230
114 495
103 283
617 618
581 79
184 473
268 1
209 303
118 118
121 121
109 62
303 209
115 245
455 438
160 81
58 195
101 100
25 23
105 142
282 115
96 56
96 57
56 96
56 303
56 610
96 169
438 455
57 96
455 339
455 302
344 149
486 486
80 16
80 282
80 142
367 28
367 165
42 226
211 301
441 374
21 106
303 56
303 619
51 141
147 87
554 535
188 282
424 80
238 587
238 622
216 446
390 14
129 128
129 585
116 27
27 116
213 529
136 89
282 188
52 146
58 4
390 296
390 295
51 35
623 623
521 554
275 515
102 98
160 453
65 434
162 532
129 413
12 510
413 129
105 280
105 518
105 203
105 363
105 351
105 236
5 105
181 320
281 58
281 63
281 208
291 181
452 451
200 94
63 281
63 208
13 624
128 129
46 210
46 211
46 63
46 236
63 625
114 105
114 4
114 137
114 115
613 117
394 181
193 2
192 412
21 105
280 280
417 547
417 171
113 41
61 393
105 5
87 626
212 147
210 236
41 113
430 498
91 91
569 43
366 441
238 239
139 428
425 425
300 355
303 15
303 210
303 371
303 211
303 63
303 137
320 628
62 303
40 590
104 368
209 283
137 303
211 57
275 440
323 323
211 129
285 303
60 150
409 118
129 211
60 296
560 42
233 434
496 466
61 182
190 160
62 184
401 425
282 355
94 94
101 120
566 43
51 113
321 546
362 7
188 106
154 62
376 103
16 495
363 329
363 210
363 129
154 518
107 357
41 464
41 581
41 30
41 232
41 336
183 19
256 212
282 64
212 165
349 180
305 412
64 6
494 86
466 608
62 245
182 61
556 232
556 330
404 100
359 496
359 213
351 214
466 267
329 129
264 264
385 295
4 195
329 258
127 21
127 20
400 560
560 106
148 344
21 495
258 107
630 630
81 356
319 319
389 389
631 631
632 632
633 633
283 283
634 635
636 636
31 31
80 80
81 329
108 108
4 114
11 11
103 296
116 116
64 68
64 506
48 455
269 164
184 42
344 148
268 215
638 638
344 180
638 300
129 495
492 186
106 495
638 329
492 144
638 12
132 6
638 589
105 427
85 226
180 289
180 149
180 345
180 191
180 179
84 83
157 157
430 44
441 264
264 441
177 377
19 441
42 642
42 329
42 169
42 453
393 82
393 612
393 105
393 180
46 140
188 155
140 164
170 165
379 389
329 42
109 51
271 132
41 352
405 42
495 1
495 203
164 140
164 164
15 303
129 249
86 103
86 377
171 417
581 139
478 357
69 260
644 489
40 113
113 250
141 498
160 237
113 40
537 473
473 537
96 64
64 14
64 124
364 21
180 344
19 183
31 229
133 65
121 83
86 263
233 145
103 352
6 132
160 165
136 165
103 295
69 81
271 131
271 411
62 68
96 21
165 261
165 482
474 356
474 375
96 116
366 282
458 600
245 62
283 373
562 440
21 96
438 251
367 438
397 376
165 420
140 429
385 387
100 100
408 3
4 174
305 305
646 646
647 647
648 648
450 450
394 394
260 69
21 127
256 357
340 74
466 649
650 215
420 301
58 546
169 364
55 55
65 200
65 275
65 178
65 562
86 372
86 494
139 581
133 568
165 339
129 434
129 115
129 173
231 290
279 62
419 652
29 151
129 290
74 260
86 62
366 105
170 133
40 547
173 173
94 41
169 123
420 283
365 365
653 653
81 69
30 35
19 19
295 18
81 106
272 271
187 189
376 397
420 165
139 446
139 447
285 533
233 637
150 60
13 444
655 367
18 295
13 65
83 83
318 48
95 351
62 453
267 570
446 446
140 322
269 657
84 217
84 152
84 70
223 74
444 455
343 278
286 137
51 593
129 165
658 658
28 128
63 115
244 244
44 19
63 46
217 288
525 8
566 141
652 419
659 659
63 408
223 18
195 412
285 2
660 660
378 378
5 2
116 339
3 192
3 303
548 170
36 10
159 631
413 214
413 440
413 275
377 483
107 404
494 107
62 58
105 269
58 115
244 301
612 49
612 404
6 96
58 286
96 6
196 143
230 107
98 323
312 366
547 370
3 59
56 3
121 427
4 193
380 295
665 4
408 63
362 365
7 19
7 661
377 86
394 61
99 97
82 68
508 550
508 549
173 154
212 508
665 58
174 137
404 101
554 554
554 134
94 204
579 579
301 362
474 128
438 115
362 301
170 437
170 338
170 251
170 135
170 339
404 84
62 506
417 116
170 427
57 58
53 232
58 211
193 4
157 345
157 346
157 214
157 350
157 483
157 668
157 352
608 466
483 157
527 96
408 305
377 156
377 593
377 94
11 362
408 516
434 434
669 669
670 670
64 80
45 15
45 274
61 181
187 434
478 375
434 187
103 86
418 582
64 489
142 366
114 183
238 159
451 265
128 474
51 557
364 152
183 62
183 113
183 114
263 455
69 549
129 401
495 495
665 665
495 673
128 371
147 460
480 549
249 82
249 210
357 5
404 474
286 57
121 41
212 105
286 63
59 3
286 3
4 665
254 152
467 20
160 4
290 572
290 620
215 311
105 212
82 256
82 153
5 357
211 2
106 551
113 133
106 490
58 233
263 16
63 305
376 296
376 60
283 166
572 290
147 434
460 147
305 408
290 198
675 675
516 408
4 160
2 211
2 58
2 238
47 113
165 364
377 203
377 351
377 179
269 371
269 63
137 2
234 242
404 124
404 99
495 434
495 671
495 459
69 64
375 663
238 2
560 20
113 527
232 204
428 269
129 93
233 121
133 113
300 108
204 232
549 480
167 204
27 136
404 357
434 212
199 677
192 3
241 242
186 152
210 62
355 518
64 376
370 455
185 533
370 85
248 612
549 184
549 189
549 678
13 418
180 105
221 316
113 113
210 269
173 20
178 440
343 191
542 129
666 62
408 2
434 147
323 98
352 350
282 225
42 187
498 430
380 680
380 61
380 178
231 191
316 222
444 76
681 682
144 492
222 188
408 285
527 113
157 61
61 157
2 520
642 642
285 520
285 63
285 281
305 55
285 532
684 684
351 351
24 40
106 188
106 589
106 434
168 542
10 325
496 451
80 62
450 168
345 351
339 96
86 131
86 132
665 142
142 121
581 51
69 311
494 128
611 486
455 423
160 114
101 98
568 129
106 340
55 305
589 106
589 671
685 137
679 663
214 413
86 117
434 424
107 687
180 129
107 258
142 210
142 236
225 282
264 213
188 311
311 188
63 665
389 394
665 63
63 195
63 434
178 61
440 177
440 61
440 629
543 688
543 689
82 82
69 473
390 181
69 184
351 191
460 233
460 473
26 23
458 440
5 279
69 190
510 141
404 371
363 114
363 169
363 367
691 691
493 280
231 692
177 440
160 103
543 542
429 100
397 295
91 64
63 132
114 363
211 411
83 693
83 373
5 59
283 589
285 285
340 78
132 63
286 211
635 286
635 2
635 63
635 285
126 211
48 443
48 76
48 113
48 444
48 423
48 547
297 696
143 329
695 607
695 189
695 21
695 222
695 227
695 85
695 20
695 316
56 532
654 25
269 174
269 365
212 128
212 114
414 697
186 165
249 301
91 89
424 283
427 282
411 58
226 85
86 340
96 304
86 417
341 297
165 186
304 96
151 34
106 160
667 549
309 297
170 64
357 64
699 700
296 342
296 351
353 99
211 4
51 581
249 128
37 86
357 62
165 128
179 342
179 296
179 203
160 35
184 287
60 103
302 333
87 115
157 179
258 357
474 419
462 701
356 107
18 160
26 24
15 269
249 365
115 87
115 155
473 184
178 539
19 666
19 661
359 11
107 77
107 17
107 169
107 326
107 671
107 355
107 702
107 453
107 295
107 45
5 211
497 562
172 61
362 421
62 410
438 113
116 438
115 42
6 516
6 517
430 430
194 5
516 6
48 643
65 172
42 106
207 201
140 6
510 510
107 230
113 339
458 275
178 380
269 533
199 174
123 115
434 371
434 295
651 301
344 177
344 344
15 335
177 177
515 515
515 494
371 404
311 268
404 434
404 185
404 97
404 323
290 329
290 357
160 467
37 28
359 359
282 366
91 90
255 256
242 234
308 21
140 46
661 264
280 115
215 268
452 264
340 598
15 274
367 655
42 129
42 215
42 434
359 498
183 353
5 305
703 703
502 502
227 227
418 190
290 706
426 425
75 427
103 393
353 183
467 62
232 277
284 301
397 320
707 19
63 481
62 21
282 586
427 115
236 234
136 170
86 290
568 65
282 58
128 42
234 235
318 113
521 553
425 257
282 474
113 494
651 254
494 515
62 467
162 541
46 446
46 428
340 251
356 81
598 340
215 42
301 13
404 708
404 353
404 618
404 662
84 58
337 96
301 284
216 429
486 318
429 592
85 443
86 96
191 148
592 429
42 493
113 96
286 138
83 285
473 6
663 375
80 106
188 473
188 549
188 69
188 184
188 710
520 57
133 493
11 621
711 711
283 83
157 681
320 393
12 267
474 111
337 135
299 171
491 163
38 417
38 547
38 171
62 571
285 132
136 455
102 412
60 219
37 34
411 271
58 107
593 377
460 462
86 310
107 58
121 283
69 325
69 713
69 10
86 172
86 714
84 31
84 366
84 250
84 111
84 142
84 715
235 238
47 483
282 84
128 64
69 667
434 401
171 38
158 158
128 143
2 481
520 155
485 113
401 434
485 485
129 62
131 717
129 280
137 63
129 526
129 426
129 133
129 440
129 14
526 129
373 372
138 211
424 174
408 130
14 129
53 129
395 389
395 379
320 181
174 424
527 527
2 665
284 5
55 718
4 107
172 130
717 717
64 306
513 87
42 667
42 20
42 245
244 234
311 16
155 520
401 493
420 568
214 483
397 719
229 37
81 550
343 343
474 282
0 221
474 494
292 62
290 86
105 163
105 83
249 141
46 448
48 229
543 168
361 116
107 532
64 128
355 128
662 404
515 64
3 236
64 515
317 85
14 232
141 62
229 48
5 284
62 141
393 380
393 386
393 387
340 107
336 27
83 105
96 92
499 61
408 194
461 447
461 429
244 235
216 139
216 428
216 272
216 46
287 189
113 486
95 377
277 284
493 515
493 172
493 450
493 440
493 93
493 464
34 54
95 205
27 25
27 30
27 721
27 722
27 35
27 36
27 38
27 39
27 40
482 554
35 129
467 86
215 223
13 165
434 280
129 291
75 135
665 175
175 665
333 455
450 493
377 95
86 47
103 368
551 723
267 12
447 440
440 447
62 367
160 576
85 314
723 551
160 361
303 630
174 520
370 333
20 92
62 158
80 243
274 15
281 520
376 6
104 61
327 10
35 33
394 385
86 400
108 375
234 269
186 254
47 168
22 35
91 329
88 88
13 329
14 14
511 420
302 88
338 724
338 336
338 136
338 439
114 114
404 612
74 317
212 283
165 725
165 34
165 35
165 338
165 38
87 474
45 216
79 133
140 15
378 103
329 363
145 546
32 113
474 328
451 566
282 318
248 696
159 159
329 13
23 13
100 117
113 32
114 547
114 339
10 25
556 464
218 1
147 160
464 556
121 533
494 377
207 95
424 109
271 717
510 8
49 49
351 350
380 120
394 379
128 283
128 365
377 390
60 95
19 506
210 363
167 60
438 338
165 547
108 357
612 121
96 88
20 11
93 95
188 42
474 87
518 16
357 589
685 57
685 520
685 59
184 68
282 371
371 282
569 44
105 154
108 329
236 3
587 3
42 188
285 4
265 525
210 242
143 340
113 115
236 587
333 361
333 417
333 444
333 318
333 442
333 423
333 245
333 76
333 48
518 282
184 509
4 285
160 258
65 380
589 83
6 667
63 420
241 236
212 393
268 311
12 569
283 288
154 533
690 189
155 154
281 56
113 280
113 107
525 265
11 20
609 609
258 105
258 434
535 134
50 643
451 569
9 452
469 375
251 339
21 728
393 533
338 252
172 401
545 36
306 723
525 407
525 421
491 453
407 44
407 502
339 251
450 568
179 156
329 568
420 13
168 491
238 412
22 258
420 63
183 356
183 184
183 357
149 180
80 183
31 155
546 144
546 23
113 485
417 361
361 417
153 142
100 371
258 22
366 317
317 366
730 62
713 81
569 249
389 64
478 543
5 379
5 157
5 191
184 357
82 161
82 46
155 87
82 214
82 179
82 81
82 367
121 128
121 296
121 129
121 18
121 63
179 214
165 36
568 357
137 62
568 458
338 365
731 731
389 379
732 732
63 129
281 5
211 661
13 340
181 219
84 560
377 495
377 167
377 214
377 450
377 402
377 129
128 526
155 31
62 17
593 128
170 36
170 367
114 133
218 18
133 531
215 309
215 313
98 404
129 296
310 17
110 108
337 420
4 520
22 22
303 369
329 183
81 161
11 421
665 254
74 309
251 26
18 218
26 251
367 16
367 170
108 420
166 44
328 108
18 167
82 187
82 18
178 275
424 81
283 372
393 396
35 29
394 103
264 61
325 10
406 44
406 503
406 358
355 249
135 116
7 452
61 264
21 82
737 271
232 280
6 305
321 393
21 42
404 62
173 325
173 326
293 293
112 375
112 357
76 485
481 738
156 191
283 60
82 44
82 739
82 10
82 280
82 740
82 550
82 296
232 219
741 179
191 156
142 254
166 742
82 555
743 516
743 517
738 305
159 11
61 64
121 21
473 108
492 152
64 61
152 492
108 473
744 744
369 303
133 308
172 219
283 495
415 697
285 137
432 217
211 82
516 743
136 169
48 96
29 21
282 509
21 29
455 417
417 455
455 263
108 81
44 161
44 106
354 100
117 409
249 44
65 94
434 356
36 23
312 62
367 329
44 249
423 114
745 189
407 566
643 48
183 249
169 366
62 312
176 486
243 507
258 108
234 159
234 319
234 238
234 158
234 241
234 243
234 639
234 244
128 215
132 16
249 371
249 404
424 367
180 681
218 307
218 215
218 248
218 310
218 85
218 311
218 312
218 313
218 0
218 225
218 315
249 493
493 434
493 41
493 180
493 403
145 249
197 201
198 229
113 301
481 57
100 107
100 102
283 601
14 289
14 277
141 11
22 137
746 746
215 128
304 211
44 406
68 184
68 20
345 256
434 493
33 438
399 493
547 113
0 734
29 29
116 96
434 368
665 121
734 0
438 33
93 172
329 290
371 434
83 747
504 293
121 107
40 23
28 39
183 655
493 419
515 94
255 16
42 5
174 665
34 27
123 169
156 342
16 255
360 359
92 259
179 149
263 419
506 2
473 81
165 437
160 417
233 88
233 586
438 31
361 318
75 437
707 700
661 19
2 506
308 438
176 381
748 107
748 62
146 66
738 211
434 170
434 367
135 75
390 385
35 434
144 283
177 64
178 0
421 362
0 380
473 327
226 17
371 106
231 203
6 234
284 749
321 160
93 143
567 567
397 632
30 28
385 395
395 296
750 88
158 639
235 610
638 355
261 30
282 546
171 299
309 17
89 304
89 252
337 123
397 6
698 58
380 232
107 133
370 361
69 480
339 361
480 69
234 6
350 350
350 593
350 204
133 107
420 434
300 419
116 337
506 247
273 273
3 665
174 281
152 212
212 226
528 6
421 466
283 215
283 392
283 394
283 296
283 368
283 104
283 321
45 272
283 494
753 151
213 466
237 234
173 22
738 481
665 3
249 153
627 420
44 374
266 266
458 168
114 485
123 337
367 424
370 33
530 161
211 304
21 137
85 312
720 720
24 494
183 223
217 612
217 654
137 21
217 50
217 431
217 160
107 170
624 13
183 142
461 533
159 89
21 283
433 364
277 232
277 231
720 608
720 266
720 754
482 482
106 1
478 329
755 211
377 526
377 491
474 90
480 92
142 152
292 377
504 7
35 39
304 89
69 69
172 493
172 464
172 128
172 351
121 180
582 189
430 365
74 254
163 459
566 570
46 106
28 29
28 30
64 397
377 380
377 382
377 383
377 388
377 389
377 391
377 393
377 395
377 396
377 398
294 203
506 699
513 340
513 226
157 178
280 232
266 267
266 608
266 265
21 420
137 22
215 756
424 147
178 200
99 124
437 5
148 262
399 183
434 184
434 190
222 560
86 74
260 336
264 661
243 434
409 51
98 98
17 654
751 6
249 107
12 674
210 256
210 83
65 581
158 234
158 240
140 282
58 212
474 66
474 476
474 514
100 96
489 21
674 12
70 62
282 173
145 462
380 396
247 506
5 125
124 424
181 103
89 520
496 602
380 376
380 397
86 458
409 244
458 86
107 314
115 121
318 114
57 63
107 480
183 93
261 438
438 261
190 105
82 115
367 434
340 339
57 286
367 757
0 0
6 528
418 69
146 187
538 530
139 45
106 81
86 392
288 282
151 753
256 425
151 39
756 215
478 143
478 356
478 66
478 108
478 111
478 328
478 258
478 90
151 30
469 478
662 282
282 662
151 417
489 644
98 100
87 453
553 134
366 758
397 393
258 143
258 66
258 91
258 112
258 477
526 515
326 173
430 506
480 494
283 21
114 166
141 566
214 172
469 474
173 282
515 232
345 342
690 106
362 602
174 420
7 504
681 345
681 180
172 403
172 292
172 65
357 81
184 329
183 410
349 5
458 623
81 183
345 343
666 267
674 267
329 184
135 115
332 406
161 267
164 107
340 212
343 345
212 340
233 612
424 552
592 140
592 15
592 446
592 760
592 273
592 164
592 216
700 267
30 32
231 180
21 367
21 214
168 399
661 247
183 280
183 714
183 450
393 761
720 699
107 164
612 233
160 250
517 411
162 393
69 434
62 296
478 105
434 440
184 69
173 462
44 324
686 21
559 559
440 434
5 76
211 363
211 66
211 252
379 295
440 266
324 19
258 559
263 547
13 576
497 440
117 211
14 167
14 291
14 130
14 292
137 56
440 497
394 389
361 62
335 760
498 569
187 183
169 41
169 337
307 376
197 51
434 87
283 249
357 143
51 205
284 14
244 233
329 107
552 552
200 440
82 226
107 405
82 544
82 490
506 430
82 576
516 762
516 102
352 345
588 600
430 246
324 44
230 82
230 121
226 82
205 128
166 355
387 380
0 459
401 160
247 661
160 150
28 363
68 671
520 22
92 287
68 474
210 489
278 168
278 129
489 210
143 419
48 105
492 64
338 62
21 329
21 28
21 642
21 44
170 254
249 405
21 278
21 314
21 1
21 129
21 128
174 199
506 238
238 506
314 21
160 145
450 482
375 89
215 400
169 136
86 238
238 86
57 285
254 170
265 608
272 272
520 685
286 571
380 385
380 387
566 247
566 707
351 363
287 92
385 393
346 206
232 483
726 612
498 360
474 513
132 107
351 161
351 203
506 441
317 310
351 28
351 303
351 210
351 81
166 434
483 764
194 63
535 173
212 269
286 183
400 215
720 11
13 171
441 546
221 403
58 411
180 347
520 3
612 356
504 765
54 481
57 412
57 211
212 589
212 296
212 490
212 544
323 2
107 132
174 210
236 240
340 535
440 499
103 150
406 43
406 500
260 311
135 337
28 351
450 212
82 80
363 152
169 450
340 450
82 210
82 543
236 211
236 62
82 767
82 4
115 142
233 105
334 592
322 592
46 592
105 233
105 48
106 329
80 508
466 602
124 45
460 419
460 495
340 179
356 612
529 441
192 4
516 516
76 455
760 15
760 335
513 92
251 136
92 513
441 529
166 601
569 430
466 265
376 122
11 666
351 256
351 364
351 365
351 249
306 326
311 17
50 50
168 35
424 115
360 371
139 592
124 371
303 363
738 59
172 280
155 495
155 106
426 621
426 568
426 130
426 257
145 106
160 323
87 615
84 431
166 107
323 160
106 155
367 212
332 699
115 434
434 115
440 493
46 434
438 38
753 470
115 424
80 82
12 466
68 667
68 473
68 550
68 508
89 91
161 363
181 378
181 388
101 768
310 340
549 68
679 375
221 549
502 506
105 329
105 362
31 142
122 60
15 592
62 255
337 136
140 461
6 375
6 515
282 401
44 166
309 5
62 769
64 280
64 94
254 144
92 498
283 388
300 102
180 178
37 261
430 360
353 687
353 618
353 770
353 709
450 280
108 91
183 434
87 255
87 106
137 54
105 183
105 155
105 424
101 353
63 256
498 92
201 201
772 772
773 773
296 105
517 517
314 105
400 259
147 615
377 231
377 575
7 249
327 327
420 654
176 593
176 94
282 4
285 774
494 340
57 532
560 775
194 411
194 238
560 361
560 39
231 434
238 194
434 231
400 20
20 400
26 27
57 685
24 64
259 400
12 7
278 214
353 353
41 776
474 249
212 450
156 697
156 645
164 395
412 137
61 483
483 61
182 157
666 566
48 211
554 777
266 7
563 272
320 295
160 128
406 525
494 375
20 20
318 455
292 611
328 478
28 37
474 434
82 180
82 1
82 17
282 290
423 370
121 44
82 493
121 420
370 725
82 163
82 474
121 462
82 173
82 114
121 355
121 404
121 46
121 303
121 115
121 23
237 244
395 396
40 261
679 679
323 353
323 371
92 530
142 285
434 474
358 44
160 80
408 212
212 408
45 164
644 6
17 107
137 408
137 281
375 494
448 335
615 106
200 128
128 160
274 46
121 285
121 211
121 183
121 137
410 82
376 379
552 58
183 121
266 61
405 365
4 408
229 119
81 671
115 229
44 16
244 237
434 329
329 434
285 698
176 214
489 212
214 176
151 367
306 728
121 612
318 417
318 443
318 444
318 442
318 547
318 76
318 485
318 64
245 455
84 780
84 269
84 585
585 84
254 227
254 17
254 340
254 173
254 77
254 493
254 129
254 41
254 642
254 453
254 393
254 296
254 329
26 654
254 367
254 169
254 28
254 441
254 44
198 434
254 269
254 46
424 44
212 489
254 210
82 355
254 490
450 419
254 174
254 255
254 165
537 781
85 778
37 25
37 29
37 32
37 33
37 38
37 39
74 460
723 538
661 754
212 493
21 254
493 212
547 340
180 212
97 185
370 245
124 282
210 241
105 87
105 546
185 97
332 358
249 495
447 335
495 249
94 128
377 352
545 438
352 60
183 5
538 173
71 121
494 141
547 361
254 84
259 173
79 339
165 531
86 85
182 719
86 141
654 783
400 173
494 484
108 477
108 514
35 168
160 441
22 127
269 5
17 155
96 209
87 427
107 290
97 354
97 124
97 371
97 404
212 303
69 663
21 434
397 381
642 212
212 642
405 107
381 397
62 282
242 159
434 544
212 41
285 412
573 573
288 105
39 34
114 254
484 494
213 498
359 699
359 502
359 265
359 570
359 672
83 142
5 269
282 441
282 196
282 184
405 748
231 168
168 231
69 550
231 167
434 308
544 129
544 212
185 708
185 687
185 371
185 618
185 404
82 62
82 612
196 16
212 420
261 116
62 82
231 277
62 203
91 212
164 272
419 114
538 306
267 61
355 166
23 785
754 44
242 209
28 212
212 492
173 400
212 173
424 160
166 559
190 162
536 184
160 212
184 536
21 787
63 365
129 212
21 5
11 555
11 360
11 213
116 261
60 320
401 426
172 142
63 212
139 273
452 452
788 717
371 212
189 667
189 80
189 215
189 549
189 121
189 311
189 679
189 710
189 62
168 28
168 114
168 486
666 11
151 136
210 245
21 11
209 490
209 63
209 174
176 576
50 217
294 493
282 163
357 375
165 32
165 245
165 251
165 40
212 63
569 754
87 58
63 121
63 209
87 269
256 106
35 151
552 285
355 62
409 278
665 411
662 107
322 322
212 531
497 79
352 351
563 572
255 62
162 190
358 566
790 544
164 695
249 114
211 155
180 249
114 249
510 754
666 161
174 209
356 183
107 662
74 316
329 114
13 137
661 661
506 498
481 481
143 328
489 405
168 166
441 44
748 708
748 748
366 233
233 366
16 282
50 433
44 212
403 403
499 608
229 28
121 792
121 453
147 121
16 44
474 142
41 612
41 160
41 546
474 366
506 674
474 160
41 601
474 107
173 147
147 173
474 615
474 254
377 741
163 106
282 80
377 659
377 106
417 245
142 474
674 506
280 409
152 269
420 541
157 296
157 489
169 339
147 233
678 311
152 365
506 510
160 748
493 121
338 229
338 339
489 157
506 672
163 121
163 249
163 160
163 142
506 9
83 168
83 41
83 458
141 161
173 269
441 506
441 233
7 466
7 406
474 269
474 233
221 0
512 512
94 494
167 749
233 166
233 601
233 142
233 70
608 499
655 183
655 280
87 163
87 404
87 643
274 45
334 334
259 259
72 106
212 87
54 285
63 210
369 96
369 89
369 304
748 793
304 369
231 292
409 306
153 87
153 212
288 212
83 612
83 212
447 690
169 495
335 794
201 128
322 794
242 106
493 424
394 160
163 162
163 87
3 412
20 137
20 520
404 87
464 444
610 694
610 420
610 250
610 255
334 140
9 506
160 55
426 285
409 184
671 356
92 260
444 464
549 162
549 288
549 276
409 25
21 64
417 795
81 667
695 597
417 30
404 115
405 642
405 44
405 329
405 128
405 303
405 210
405 21
405 371
405 340
405 226
405 227
405 129
405 169
405 174
495 105
20 409
404 212
13 130
305 195
121 434
671 81
116 79
173 434
173 115
184 409
20 127
290 114
290 272
215 434
158 233
290 64
28 21
531 116
290 107
499 9
163 612
63 183
214 83
429 446
349 349
58 58
58 121
414 479
798 798
285 55
285 738
39 39
201 342
462 308
462 21
447 799
223 117
21 46
21 303
223 309
223 560
83 533
83 186
423 485
83 115
799 447
223 212
516 2
2 516
2 517
185 800
211 131
257 426
352 342
76 263
491 490
117 223
361 339
24 261
35 5
206 206
249 462
233 158
82 189
21 462
86 20
288 549
321 295
41 23
41 493
41 474
41 801
201 95
168 172
474 612
41 63
376 654
115 513
433 50
367 338
225 189
129 623
573 11
201 352
12 44
63 41
11 466
5 35
525 358
337 301
627 627
44 12
86 98
641 160
160 90
366 662
520 285
520 305
802 172
802 129
802 365
462 121
314 189
155 363
464 464
95 309
494 190
13 337
390 526
492 510
160 685
430 5
137 81
133 28
133 340
133 169
133 367
360 11
142 62
430 166
237 62
80 286
62 237
13 278
502 44
502 407
502 505
502 358
64 165
89 165
405 405
577 518
225 225
80 137
393 434
58 82
58 142
160 342
357 112
526 199
7 546
288 756
5 430
64 528
160 249
269 301
223 106
223 366
85 1
452 360
452 161
60 394
182 602
2 286
62 342
162 249
409 450
265 265
283 125
282 139
434 165
434 169
44 434
214 157
485 417
803 54
83 256
83 518
54 803
535 482
41 105
212 83
588 29
218 199
381 377
15 216
482 78
54 63
521 217
482 535
343 681
602 182
41 215
160 63
288 431
730 107
58 612
409 35
28 340
187 473
187 663
187 549
187 679
183 152
44 405
550 187
152 183
105 115
494 197
597 597
367 128
367 133
367 129
86 125
62 478
113 478
58 533
132 160
21 21
478 113
529 11
160 481
312 225
231 284
209 155
363 518
155 209
30 29
45 107
459 268
19 550
87 13
549 106
294 342
294 214
405 108
160 356
31 37
356 160
62 377
106 549
58 518
498 608
5 89
5 726
80 187
129 405
108 64
357 478
284 734
284 1
665 174
329 495
329 371
329 211
329 169
169 371
169 211
169 63
169 46
223 215
114 211
38 339
106 550
8 44
11 64
754 608
754 555
754 565
754 266
754 11
187 365
160 78
160 345
41 14
62 295
293 530
58 160
246 266
54 520
215 316
226 128
46 169
44 499
44 501
44 805
44 502
44 503
44 7
44 729
177 60
5 495
266 804
169 734
17 82
86 264
66 64
45 428
427 166
427 655
424 87
115 366
282 10
549 64
223 282
99 101
358 573
162 58
495 526
495 296
495 60
409 225
409 29
83 492
375 679
389 157
6 284
160 184
160 189
409 305
245 326
229 31
108 300
46 16
187 405
377 172
339 337
339 725
339 261
339 34
339 136
339 338
339 40
339 135
304 88
249 63
189 5
358 805
358 503
358 407
358 729
358 505
340 497
342 377
40 135
54 208
135 40
470 119
531 531
45 445
291 346
79 78
329 329
427 82
82 151
236 132
464 523
318 333
158 132
47 263
114 640
132 158
531 420
74 745
226 142
493 292
7 451
140 216
303 88
745 221
331 362
154 647
352 347
62 730
200 498
232 320
107 80
367 160
189 20
373 282
189 1
62 210
170 5
5 189
135 409
258 421
339 115
615 404
145 615
68 160
170 62
518 492
76 423
285 88
190 86
474 112
331 764
143 413
46 461
331 225
360 265
331 464
331 295
215 60
461 269
340 160
87 189
331 328
211 56
184 115
331 260
107 19
331 29
223 331
147 366
562 401
410 62
44 8
563 14
29 331
172 181
290 143
172 526
515 413
528 191
64 282
786 786
477 90
131 211
209 494
533 457
389 385
389 390
338 32
107 180
17 615
546 147
340 83
229 114
141 12
114 229
225 409
225 331
563 484
363 208
172 468
116 123
250 526
250 60
409 272
9 44
44 62
5 170
370 427
370 115
294 526
249 327
272 409
190 459
199 296
324 63
6 170
377 189
19 504
482 48
199 342
229 39
674 510
338 485
493 65
56 305
808 808
278 611
409 448
17 154
282 20
284 257
254 445
178 350
776 199
485 245
84 160
84 48
84 485
371 518
5 408
5 286
726 1
726 189
726 316
21 183
63 249
401 44
401 256
296 107
329 80
329 286
81 225
352 214
494 480
155 351
107 184
428 164
425 513
474 301
273 429
164 428
405 187
444 423
751 51
158 244
62 749
243 158
613 288
373 420
441 87
685 305
160 368
295 331
282 160
250 160
494 494
80 329
371 62
59 132
569 707
123 96
105 441
102 101
407 7
107 371
128 155
535 10
301 321
375 424
12 8
38 722
555 754
265 498
77 581
77 497
77 531
77 811
77 539
123 455
411 282
215 549
7 525
491 378
314 418
328 331
283 492
183 108
160 44
597 301
269 429
409 443
81 494
608 566
73 358
57 138
358 331
160 270
160 611
91 143
91 356
91 328
570 265
237 319
58 131
9 529
698 809
181 379
181 380
181 376
181 385
181 386
181 389
181 395
181 397
22 686
316 17
360 7
156 377
83 393
231 621
169 81
214 191
35 590
35 36
35 38
35 40
35 588
445 557
167 196
83 13
160 375
809 412
106 74
106 221
441 569
434 296
569 569
118 13
211 636
590 13
160 296
160 183
160 681
486 611
69 160
160 69
198 165
504 8
184 314
290 694
621 278
803 412
160 388
131 96
213 7
409 38
409 428
132 5
531 114
283 420
566 11
62 748
30 27
325 82
9 573
286 532
12 160
64 238
434 16
12 441
295 162
146 299
466 441
409 590
726 5
301 147
9 9
206 203
387 229
38 86
562 200
229 387
84 432
145 434
715 21
307 588
170 35
211 106
62 129
128 405
482 47
35 170
229 30
47 482
438 36
13 481
172 168
118 20
333 527
333 547
333 171
685 81
107 282
107 704
86 720
48 151
107 375
655 301
338 434
301 655
106 211
160 541
405 288
541 160
129 176
415 86
434 338
13 135
167 206
373 253
174 283
307 74
83 81
103 179
13 113
197 86
264 499
300 126
405 64
370 226
152 518
685 665
200 562
373 571
411 283
499 141
308 129
83 318
6 430
377 149
18 86
143 91
427 48
460 615
473 509
461 735
233 474
283 4
240 237
283 411
174 59
233 124
41 256
41 249
738 208
169 434
355 16
355 142
434 518
282 393
150 397
225 221
98 125
357 91
572 572
115 373
518 434
116 113
116 443
116 128
116 32
116 39
809 411
64 170
434 288
686 22
201 200
305 809
809 305
423 438
498 529
305 64
4 192
641 669
494 504
419 211
125 98
419 495
285 83
246 608
537 368
661 459
141 499
83 453
16 355
459 661
38 409
418 183
301 4
428 274
813 450
168 426
142 338
313 17
141 213
216 64
24 28
20 74
141 14
106 183
695 365
64 216
115 64
16 210
345 157
211 419
211 586
211 434
210 233
76 245
93 168
411 481
481 809
74 310
74 312
74 313
74 468
226 434
160 562
478 434
379 308
379 381
379 393
379 378
379 103
379 181
379 383
379 283
379 385
379 387
379 388
379 390
379 391
379 104
379 321
473 213
498 246
434 64
411 243
14 141
48 261
261 48
542 526
309 42
520 58
64 434
201 51
329 477
221 283
23 438
387 378
615 460
141 141
261 151
74 106
107 494
237 158
21 518
67 108
108 67
570 700
4 211
4 481
515 129
18 797
10 13
392 392
498 267
809 481
214 681
498 738
200 51
86 368
236 233
229 721
305 4
615 615
205 593
533 94
450 464
450 128
450 526
450 534
450 544
450 714
714 450
6 102
405 362
211 698
314 312
314 255
324 10
745 745
93 27
300 314
329 476
754 360
444 114
237 587
134 74
182 182
301 281
28 434
310 221
105 360
82 165
813 623
13 305
13 38
58 685
263 151
695 405
12 570
473 545
405 5
444 444
5 405
223 221
545 473
405 456
815 815
489 365
699 332
529 141
665 272
419 497
419 79
810 210
420 83
223 64
237 241
128 346
64 223
368 321
361 455
756 459
153 434
357 80
495 419
80 357
504 529
85 221
548 1
548 78
548 531
157 104
548 21
548 405
548 256
548 203
170 816
548 169
164 748
237 209
493 817
79 419
221 314
249 58
325 173
10 21
152 433
460 249
124 592
498 8
28 31
499 8
58 174
128 434
168 183
157 381
157 389
157 393
157 382
157 181
157 383
157 283
157 386
157 390
157 394
157 250
157 398
157 60
157 295
157 391
157 321
79 482
340 79
307 17
810 597
215 314
62 187
254 216
241 158
502 374
498 197
13 281
495 342
210 434
411 412
223 17
434 340
269 428
409 336
569 9
39 480
452 8
328 328
531 366
9 754
342 495
342 103
342 277
342 376
342 450
342 296
342 122
342 468
412 411
167 342
531 434
104 104
473 249
368 103
405 314
374 529
397 394
57 303
57 610
450 342
424 28
28 424
450 515
409 624
610 303
610 89
280 434
11 566
167 14
278 179
201 420
59 303
293 8
149 420
155 655
105 105
430 765
17 434
356 258
79 47
404 160
160 404
155 337
155 420
440 818
272 186
129 186
434 148
20 81
133 62
211 195
621 231
359 499
224 1
224 256
224 221
224 365
257 231
21 548
502 529
409 447
526 296
305 137
21 467
422 82
467 21
229 434
459 756
19 366
19 107
434 229
56 809
12 86
366 19
73 259
325 65
548 371
593 776
548 46
381 381
366 18
153 283
453 212
284 191
400 400
142 83
346 214
11 91
515 484
132 371
429 273
460 214
26 35
248 73
809 211
20 287
287 20
222 310
222 85
222 223
222 18
222 314
222 226
314 222
261 367
282 31
223 314
302 438
5 82
82 5
13 581
28 26
28 590
28 38
235 209
806 285
806 304
738 195
481 63
481 137
38 35
155 153
173 301
237 6
271 58
6 237
145 58
163 62
191 365
191 256
400 309
64 103
285 96
337 437
376 295
204 51
132 106
21 187
314 219
314 223
2 411
411 2
211 271
73 707
187 21
371 51
160 138
51 371
218 82
309 400
23 165
815 137
533 434
685 174
248 0
493 14
587 194
587 2
221 74
221 223
371 323
58 271
667 184
273 461
363 128
2 587
481 271
13 476
232 515
441 86
424 4
65 568
29 361
7 8
164 322
340 290
355 283
499 566
411 3
411 192
412 408
96 113
3 411
198 129
362 529
423 113
370 116
32 361
361 32
20 82
608 529
447 498
395 104
412 698
129 340
100 494
13 409
280 342
174 408
192 411
255 152
494 464
96 245
340 82
547 455
60 390
312 311
206 167
115 261
493 694
283 355
16 283
128 280
290 340
405 15
2 140
2 64
733 728
21 550
94 207
96 285
273 274
455 47
400 728
128 82
206 280
206 41
165 119
58 132
124 354
124 323
124 618
124 768
124 101
124 185
57 174
820 41
820 820
87 82
191 283
86 30
540 82
820 128
434 515
261 115
820 593
400 106
363 16
18 222
438 165
57 738
424 78
455 5
5 169
145 256
181 156
250 320
105 422
820 204
820 200
395 181
62 254
187 363
83 163
41 820
261 96
363 314
591 62
438 340
114 405
355 152
305 481
820 121
249 21
29 590
288 333
338 245
300 226
4 434
5 411
457 440
409 325
440 457
420 363
379 719
721 229
221 17
820 197
820 198
820 202
820 776
820 207
340 256
304 302
498 0
338 31
155 326
211 408
498 213
498 525
498 358
87 190
183 133
63 586
408 552
466 754
466 358
368 387
141 504
720 707
181 526
358 498
560 496
278 191
424 210
172 207
412 625
529 9
598 598
498 7
87 665
280 424
496 560
249 280
28 249
424 527
93 399
400 64
62 591
84 270
84 372
84 443
84 544
84 336
84 112
336 84
405 62
64 172
172 64
57 408
281 54
572 822
160 20
565 608
565 804
565 754
210 45
265 359
231 342
231 575
74 231
521 823
238 758
118 84
655 172
191 824
440 159
811 340
326 543
495 74
495 309
495 222
495 315
495 227
495 170
495 228
495 638
495 316
486 725
142 85
4 142
720 332
424 113
424 114
424 338
62 262
331 482
460 80
672 365
80 480
424 240
223 624
58 88
58 89
58 462
447 323
171 116
20 160
93 78
93 51
190 87
548 143
166 160
262 62
314 283
160 116
498 562
498 707
498 61
305 84
438 482
820 142
568 426
337 438
160 79
115 301
81 121
278 13
96 59
21 160
327 20
0 226
89 438
305 138
160 428
809 55
809 4
809 2
141 265
627 473
473 627
195 3
255 607
160 2
51 445
116 38
351 278
520 412
182 53
825 306
306 825
368 86
86 177
563 522
87 160
201 143
160 426
754 466
374 502
160 329
241 159
20 327
400 222
53 182
151 748
7 358
7 407
160 171
160 127
288 288
269 105
506 827
64 87
135 62
160 210
161 358
81 283
345 191
332 500
332 502
332 504
482 497
428 272
826 6
160 115
169 160
529 720
82 445
82 783
272 140
452 529
74 268
128 820
389 395
389 182
46 424
168 93
482 228
210 211
210 63
748 151
7 112
720 529
81 16
459 331
167 218
268 74
316 223
160 786
738 698
738 412
259 297
47 79
201 218
106 222
35 128
829 203
492 333
308 424
69 678
142 58
173 728
690 690
358 213
143 201
64 74
685 56
60 389
249 152
293 374
262 179
441 282
30 165
94 95
100 404
484 515
649 729
95 94
249 145
424 462
481 305
0 17
63 233
627 86
3 158
408 138
96 816
158 3
63 158
233 828
87 223
373 411
404 82
337 5
301 209
360 570
242 237
177 0
16 367
816 170
223 330
822 290
466 555
426 562
120 218
582 418
129 615
742 742
4 809
2 158
783 424
286 80
21 80
651 118
206 51
206 198
206 201
206 593
206 776
206 205
206 207
651 511
651 420
98 62
368 394
283 58
3 194
453 83
214 346
152 114
394 368
86 81
768 98
58 288
441 649
441 729
441 754
441 249
457 523
417 160
288 58
349 348
349 179
474 256
262 349
184 80
249 546
546 249
142 84
376 181
129 464
59 408
480 329
329 480
453 472
453 255
527 547
201 93
464 129
263 438
2 738
828 405
134 134
5 492
820 546
370 26
370 443
370 37
370 135
37 151
82 20
69 329
168 615
132 121
158 63
158 137
308 295
828 233
68 329
4 158
5 820
803 803
303 423
69 424
424 464
452 666
452 830
283 424
452 823
517 192
245 165
258 831
329 68
18 85
18 696
201 196
201 167
201 203
314 166
26 370
13 280
160 269
393 145
395 201
493 522
151 165
160 379
64 222
183 695
160 548
226 696
424 295
522 493
601 166
4 532
183 28
320 593
320 350
320 483
434 363
815 305
316 160
5 41
35 165
35 367
424 124
542 172
542 401
385 376
160 316
305 243
266 466
266 720
208 195
81 363
53 231
82 154
82 166
82 145
231 53
29 5
96 58
30 434
62 164
190 69
359 9
9 359
482 593
221 222
155 189
310 82
434 30
424 357
351 352
442 545
612 340
695 183
751 128
343 180
393 424
97 533
647 21
357 424
385 378
83 368
593 482
412 404
21 647
518 87
249 121
105 106
424 222
455 96
533 280
671 80
666 19
497 424
74 67
170 494
424 93
489 87
333 87
5 249
424 497
54 738
229 170
134 5
278 486
280 363
822 350
447 676
389 377
301 276
137 815
160 448
253 21
253 259
253 315
253 258
253 607
253 228
661 700
366 115
273 448
223 152
160 281
350 681
440 368
211 3
21 253
533 441
249 211
165 329
338 107
260 728
666 441
82 353
82 404
374 441
699 441
417 333
281 160
661 441
593 822
616 533
105 431
540 549
285 254
66 469
424 290
282 87
282 572
786 206
786 407
241 440
168 523
170 303
440 241
813 434
104 389
169 229
182 376
306 141
314 256
51 820
323 768
180 62
768 124
63 138
269 420
412 54
279 160
58 431
47 40
393 142
51 85
115 171
332 707
115 443
434 132
115 417
25 30
63 239
4 57
4 137
132 434
296 62
500 44
368 397
198 258
664 93
464 377
13 478
178 178
431 71
152 107
99 424
74 331
560 0
194 826
557 445
199 399
533 616
397 368
373 83
87 506
5 63
368 379
13 78
381 160
756 597
264 570
667 81
200 199
199 434
161 314
220 47
334 448
564 208
592 592
437 531
58 424
560 74
560 215
560 316
520 815
69 259
460 663
209 365
115 333
143 469
424 69
536 83
424 68
13 327
810 511
663 460
329 28
68 357
92 728
209 84
665 6
231 249
351 575
68 424
417 251
184 434
434 200
434 167
434 99
685 281
418 68
281 685
273 4
525 44
245 417
245 444
245 547
245 423
245 47
245 485
191 166
116 816
778 569
494 601
146 189
199 820
430 280
399 199
87 547
366 368
64 523
318 107
478 183
107 834
339 170
61 421
3 239
272 63
250 741
63 272
23 23
816 119
333 474
333 180
333 173
333 531
137 552
493 835
493 483
95 820
523 836
314 295
350 157
273 2
210 208
179 181
357 21
285 302
180 393
4 832
665 212
145 771
598 134
331 74
160 214
86 283
21 357
486 94
54 665
94 486
573 7
107 837
826 194
4 239
126 552
158 239
322 461
679 13
679 81
181 381
394 376
381 150
300 124
86 326
58 87
87 23
23 87
362 256
251 170
376 389
826 586
434 421
489 300
832 193
832 826
832 4
832 194
16 68
555 44
107 216
367 81
815 520
839 191
287 81
123 180
720 765
455 485
261 170
685 4
83 273
437 38
333 176
27 437
756 756
451 487
370 414
414 370
295 182
473 30
133 10
233 174
121 219
80 815
2 803
165 434
565 9
167 165
165 167
776 200
141 365
20 80
9 565
20 715
80 20
84 75
84 252
84 115
84 654
593 820
824 191
320 182
114 767
278 284
776 820
305 281
504 358
86 44
44 86
290 121
162 323
510 9
342 294
518 105
255 434
434 459
87 509
459 434
13 497
13 197
7 570
222 106
182 320
5 458
339 14
423 121
121 423
828 160
129 840
577 282
570 7
832 58
601 523
314 340
169 437
215 53
107 428
103 392
159 215
478 514
107 8
24 24
425 90
443 443
90 425
526 568
249 661
133 172
661 249
434 412
193 832
412 434
427 47
69 87
329 137
820 159
222 86
523 601
105 748
129 81
129 210
129 21
303 129
62 493
588 28
443 96
508 68
64 199
121 544
121 163
121 490
211 389
211 364
211 340
211 582
68 301
160 262
303 4
303 520
303 174
80 21
140 274
165 123
63 301
290 129
183 3
4 803
412 57
357 68
434 208
142 441
160 333
809 552
272 3
301 157
301 63
543 430
93 493
502 301
662 371
223 83
116 753
149 88
125 62
453 301
159 105
46 300
301 502
159 434
421 434
494 187
459 215
86 438
434 612
815 138
242 105
145 269
145 518
815 92
841 841
184 249
481 421
438 86
117 170
685 286
5 201
284 292
327 105
211 842
222 311
92 80
816 165
184 365
803 195
226 283
44 129
354 64
473 301
159 301
301 473
261 261
177 214
262 278
13 285
284 342
320 734
86 7
160 206
47 427
412 285
366 166
166 366
9 265
247 700
336 170
183 29
96 481
157 344
157 231
53 215
158 105
19 141
323 5
438 93
105 158
424 282
141 19
241 499
241 209
531 686
241 237
13 190
271 448
644 64
19 499
229 198
13 164
190 13
93 438
249 427
310 105
815 208
234 828
234 404
234 160
234 474
249 243
5 128
225 301
107 3
31 30
707 247
150 250
169 105
179 378
349 156
57 815
129 351
140 64
121 80
121 234
121 552
174 815
87 74
87 187
573 8
473 299
460 159
166 86
282 404
199 105
292 133
301 225
107 820
392 296
272 651
62 174
826 193
651 272
281 738
299 190
437 89
483 133
448 271
182 390
182 391
457 421
74 116
29 183
157 53
602 699
602 525
79 51
249 460
128 79
546 233
686 301
281 121
423 318
30 764
134 64
546 723
155 301
51 143
293 754
40 560
188 366
149 64
53 157
183 169
116 74
5 440
570 452
3 571
128 53
62 338
184 183
482 89
510 19
173 83
187 459
417 86
13 273
277 214
107 531
661 549
62 179
303 28
303 329
340 438
179 388
494 209
13 489
261 455
62 393
10 69
141 438
47 361
366 165
327 141
661 11
661 161
141 327
499 241
815 80
815 174
193 826
460 460
258 198
425 401
65 486
526 14
544 568
403 291
486 714
458 172
419 789
789 835
232 705
292 523
256 365
562 202
567 843
14 256
401 399
844 133
276 426
13 514
813 544
157 149
450 623
85 151
323 618
323 640
170 16
101 323
661 211
122 95
107 441
547 333
455 64
733 723
434 121
434 282
221 85
31 165
13 339
131 57
312 317
487 558
62 498
127 92
371 124
165 550
165 226
220 128
220 434
278 128
151 85
21 36
550 21
54 809
809 54
79 77
79 445
259 127
339 167
482 576
643 50
21 459
487 9
411 305
544 183
24 37
115 492
328 143
328 514
133 14
194 59
314 434
423 62
492 115
401 130
814 262
303 159
159 303
647 458
31 170
31 96
223 268
557 83
338 183
588 307
458 142
183 165
411 552
165 96
165 223
518 661
518 211
192 102
446 140
422 58
256 518
31 24
809 132
481 285
356 16
412 102
215 717
68 106
564 12
564 190
564 365
361 96
12 62
271 192
689 198
62 12
194 803
62 269
455 116
498 73
207 199
441 324
115 453
62 418
62 35
83 173
442 36
285 271
160 230
518 249
388 296
294 301
93 714
205 820
320 296
320 103
13 343
13 322
494 115
458 647
243 64
424 329
845 305
248 17
333 166
45 273
615 244
244 615
82 147
841 376
173 416
376 841
249 362
243 58
46 447
211 174
826 58
12 707
551 533
608 266
366 187
303 46
355 114
355 46
307 226
184 160
107 87
87 107
313 313
450 257
73 313
302 419
419 302
46 283
62 280
313 73
160 3
160 275
160 424
215 0
62 253
305 271
107 187
297 341
15 272
114 355
362 496
374 500
374 501
374 406
374 505
374 358
333 160
429 461
429 322
211 355
211 169
126 271
126 137
845 2
419 655
218 36
114 255
172 377
328 375
303 283
62 356
255 114
133 346
15 362
450 5
662 366
346 133
92 92
115 531
107 255
355 211
355 63
355 169
371 285
255 371
255 63
31 151
362 15
391 320
434 210
533 128
531 165
200 776
784 784
79 116
427 86
336 438
13 83
166 210
169 355
699 44
169 255
419 482
63 845
356 62
195 286
62 494
86 427
35 107
376 18
160 226
183 419
545 26
545 785
545 27
124 139
426 450
608 7
18 376
211 329
211 255
211 114
63 329
63 255
63 114
201 198
201 776
201 205
303 355
355 170
114 170
169 303
81 211
81 63
81 169
464 211
460 421
255 170
255 137
498 459
14 523
14 706
108 469
523 14
81 303
81 170
0 309
351 280
482 339
662 662
77 107
539 160
640 404
160 539
286 520
113 26
243 210
199 850
60 378
60 104
195 520
52 1
314 52
281 412
424 62
367 366
441 121
419 365
246 498
160 188
299 81
644 296
160 666
177 459
44 441
292 493
776 203
35 655
366 82
59 194
168 275
87 820
419 473
31 39
193 195
6 412
460 533
65 450
459 177
114 280
322 448
543 87
651 546
280 114
129 399
254 283
655 151
0 88
160 139
820 208
820 15
88 0
169 183
357 480
221 121
5 516
747 184
105 820
820 87
810 269
121 357
170 31
593 340
301 228
80 356
121 372
11 498
11 8
64 271
674 504
11 247
12 247
281 411
480 21
480 221
655 419
129 160
272 612
381 61
82 526
82 426
106 717
153 154
210 132
82 508
420 123
82 441
424 106
498 11
511 64
121 223
427 96
160 480
221 218
836 523
329 469
480 143
418 747
333 162
240 209
15 285
15 429
238 457
197 95
438 339
307 537
230 80
230 375
247 11
100 353
100 323
100 618
100 640
100 99
100 662
100 125
8 11
5 291
95 197
404 154
608 441
655 149
11 530
851 852
851 605
480 357
211 424
93 458
214 94
160 776
166 159
420 494
647 221
160 306
26 32
145 271
720 406
48 486
67 86
546 115
221 647
82 221
82 222
82 104
82 548
82 337
82 295
82 304
82 51
82 853
137 420
420 137
443 333
443 417
443 444
443 725
443 442
443 423
443 245
443 76
443 485
191 851
304 285
563 563
304 82
74 485
221 313
165 31
810 87
84 441
84 113
84 752
84 555
84 144
84 493
84 87
84 180
249 84
493 84
277 180
21 820
278 621
17 386
17 494
17 295
17 533
17 253
17 405
17 189
17 162
17 495
15 420
17 340
17 363
17 643
17 366
317 74
17 378
17 212
17 83
17 726
17 459
273 15
273 164
273 216
390 182
11 502
107 372
747 508
591 160
183 480
183 188
183 68
183 137
160 610
519 316
308 6
226 443
256 531
256 557
557 256
73 223
73 485
73 317
73 0
723 306
420 296
57 64
478 160
508 62
251 62
317 116
317 18
205 847
362 420
183 155
847 333
54 2
106 424
318 183
166 174
593 199
333 163
225 18
285 304
160 197
245 183
61 345
90 183
304 54
809 304
214 128
54 89
187 20
16 183
748 367
2 54
89 54
89 809
377 347
299 855
531 363
441 12
417 107
111 108
349 160
160 91
392 387
17 21
681 284
546 155
21 17
160 369
655 223
155 546
249 856
809 131
128 327
128 486
255 316
129 363
440 206
489 132
186 363
486 820
128 105
307 317
596 596
105 128
440 438
87 183
183 245
183 69
278 363
271 273
183 87
225 74
20 187
121 411
121 714
121 184
18 225
440 321
356 480
40 170
845 4
599 96
599 3
599 63
599 208
183 611
440 435
160 427
121 326
209 62
182 381
182 392
182 393
182 103
182 181
182 384
182 283
182 388
182 250
182 377
182 368
182 104
182 60
182 150
519 518
4 845
18 115
405 46
435 440
537 61
544 544
412 271
31 29
11 441
11 22
84 662
121 480
339 340
490 405
143 480
54 411
608 608
170 145
145 170
327 128
306 511
515 440
390 103
170 40
223 20
222 400
459 74
357 142
20 223
153 121
483 483
511 306
568 450
21 272
101 97
19 700
596 282
282 612
160 143
255 365
374 5
169 300
564 564
230 74
21 274
662 84
190 533
489 129
376 320
543 425
818 533
443 226
87 545
310 365
697 5
176 478
494 308
240 11
460 244
460 189
11 90
308 494
11 240
301 857
74 21
74 20
293 365
121 143
121 401
121 165
300 329
249 236
300 158
90 469
349 320
417 437
443 847
10 143
153 160
106 355
132 242
242 132
374 166
366 229
738 2
249 310
525 504
408 586
290 65
65 290
74 142
166 74
116 28
28 116
121 282
822 593
858 306
187 1
366 521
521 366
106 184
269 820
756 227
283 820
708 125
83 209
157 128
56 137
65 366
209 166
58 304
366 65
443 40
160 410
300 531
160 40
87 412
408 434
45 300
209 273
748 564
602 183
529 496
166 173
366 10
249 490
249 671
372 372
469 96
445 848
665 859
16 280
10 366
608 11
243 234
106 467
366 107
148 349
23 160
655 231
371 236
371 46
467 106
174 58
236 63
236 303
236 371
236 434
236 249
73 106
602 496
546 211
363 87
166 147
166 820
86 12
160 452
106 73
526 426
8 141
245 160
114 366
455 847
506 211
452 420
82 377
458 515
321 440
420 452
15 461
15 447
249 54
427 62
160 30
58 166
169 107
82 58
813 172
813 526
813 600
813 275
813 458
813 403
813 585
154 183
183 154
125 354
125 708
125 97
125 371
125 323
125 618
125 640
125 99
134 10
335 335
312 74
339 438
434 856
82 362
467 509
58 256
55 552
193 412
21 87
661 141
265 141
358 141
360 141
494 229
37 667
265 7
408 126
229 494
264 141
165 47
170 360
293 141
121 649
57 809
344 814
63 162
408 489
257 130
64 601
160 149
63 685
699 141
264 19
162 63
19 264
141 431
373 243
573 12
141 488
526 498
489 408
820 443
13 210
115 860
549 418
39 455
494 93
211 16
45 429
23 116
525 699
211 646
121 203
281 305
116 23
170 455
84 419
455 170
147 513
165 107
300 106
107 165
483 727
362 81
281 683
63 832
777 554
306 91
86 69
306 160
172 457
197 143
197 27
143 197
513 166
87 166
820 243
823 661
820 44
820 114
106 300
167 277
277 14
385 160
280 214
7 823
280 296
13 32
280 18
829 168
543 249
160 29
222 255
34 24
34 26
34 590
34 36
34 37
34 39
34 588
504 441
6 55
55 411
138 285
285 138
564 174
247 7
411 89
412 89
519 21
519 85
519 222
519 315
350 861
168 203
174 564
777 862
457 62
160 504
459 19
474 663
162 643
160 663
221 107
568 168
678 480
244 460
13 26
847 113
423 245
114 725
196 820
18 280
6 549
558 9
506 496
9 558
730 460
549 6
62 457
121 601
129 107
460 730
28 339
206 440
445 301
115 367
298 536
298 287
494 70
815 859
282 222
152 166
5 464
121 345
121 278
215 155
28 229
863 57
121 17
121 340
121 77
121 329
121 365
121 796
327 160
194 137
293 44
94 440
318 482
269 121
169 280
809 59
411 864
293 11
19 459
353 15
44 565
160 152
411 286
738 809
323 64
482 777
828 16
438 54
249 440
166 664
222 309
183 212
255 222
461 335
163 115
256 355
148 180
5 285
5 302
183 308
422 615
86 92
440 249
338 37
223 758
485 333
350 343
160 310
160 856
129 557
16 221
313 215
149 160
406 672
107 16
140 335
160 832
16 107
55 698
608 61
137 859
2 489
314 726
6 440
828 371
828 46
546 820
493 820
302 302
128 44
426 270
426 168
426 292
426 183
640 640
206 231
173 121
828 796
231 206
333 366
84 811
11 434
366 333
210 121
77 121
290 531
290 437
214 211
199 121
128 30
128 290
128 36
188 533
698 481
579 447
211 214
206 14
14 206
742 166
455 251
489 121
23 170
280 820
63 849
490 121
533 188
106 642
371 121
249 377
543 493
325 325
87 28
87 161
87 81
87 129
28 87
493 543
329 87
51 93
351 87
321 391
89 59
58 333
210 87
167 655
493 562
494 458
493 600
366 215
448 322
30 44
64 234
747 189
93 62
148 150
3 859
216 509
142 291
69 216
96 338
654 50
666 12
357 121
139 819
7 264
533 530
333 546
357 82
13 263
485 166
211 308
280 340
249 208
290 168
54 685
77 166
183 845
640 371
133 362
223 121
251 370
361 367
168 290
161 87
545 28
164 447
572 593
106 358
107 83
165 362
129 121
166 243
131 532
183 36
30 39
63 88
179 262
245 171
674 265
291 142
431 4
136 136
44 133
13 349
238 302
275 813
21 280
295 576
450 295
492 518
44 856
44 121
434 252
258 249
82 23
107 57
256 249
148 401
174 157
529 362
170 280
195 552
443 366
356 509
356 362
147 644
58 372
23 215
434 97
249 367
76 333
9 266
266 358
500 506
283 758
434 158
194 6
523 706
158 434
29 533
434 361
57 552
856 7
570 247
7 856
218 5
6 544
64 183
777 482
500 569
30 51
356 366
198 199
198 200
198 167
198 202
198 204
198 205
198 206
198 95
430 441
627 667
627 189
440 399
440 172
106 223
218 183
450 13
84 1
84 127
494 310
444 84
455 211
366 68
171 333
612 474
13 421
506 504
213 558
128 106
211 455
21 256
546 333
316 758
546 508
232 65
310 18
448 62
210 249
362 16
424 258
424 237
186 531
459 565
254 366
826 809
34 438
62 448
438 34
290 206
424 758
514 108
412 665
263 486
430 308
430 211
430 462
430 12
129 166
430 565
506 87
696 17
707 465
13 108
54 532
443 135
322 447
229 143
600 129
486 263
183 756
362 165
590 171
144 434
61 465
61 519
316 297
61 707
421 856
57 243
809 271
243 57
280 51
537 189
537 1
358 510
358 602
358 700
514 91
487 805
333 283
58 6
311 494
51 165
249 165
351 734
351 1
714 62
64 417
96 866
96 867
101 83
79 420
13 413
133 166
172 143
127 169
390 380
253 366
537 170
320 868
446 429
526 655
4 13
420 79
176 129
526 714
380 390
6 58
869 179
869 397
181 869
128 420
107 44
777 10
19 856
65 714
139 216
139 334
65 526
420 128
280 219
397 869
549 362
465 61
582 84
418 6
306 21
707 232
56 481
56 271
343 107
371 97
232 707
91 160
160 519
419 490
368 375
96 80
63 44
63 419
63 490
283 378
283 211
405 45
143 128
115 145
290 426
145 115
38 847
121 191
563 493
121 438
121 747
121 172
174 405
141 6
154 654
84 494
84 86
84 107
209 5
17 252
17 233
17 269
17 404
17 493
17 427
17 180
17 153
17 147
147 17
865 865
128 118
71 612
627 707
3 89
797 231
128 1
231 797
314 106
355 107
828 546
452 265
211 83
53 440
191 420
803 826
333 129
506 83
426 93
93 424
747 424
612 2
422 129
45 405
612 4
86 756
340 129
412 138
44 128
401 430
401 543
69 362
459 616
17 424
69 420
726 85
616 1
327 728
82 169
452 856
758 61
82 36
865 63
588 282
707 627
526 424
168 493
82 130
82 188
249 550
44 283
170 38
312 255
143 172
186 654
426 263
121 78
526 543
213 265
83 329
61 52
38 113
23 464
23 220
23 367
500 141
55 520
325 21
375 368
397 122
256 705
21 83
306 538
329 96
719 397
165 860
107 327
327 107
96 329
777 733
777 538
520 166
302 160
533 164
733 306
106 518
106 419
733 777
164 16
14 482
424 128
533 362
206 232
206 292
585 129
145 188
222 543
211 402
280 294
498 538
171 113
434 828
329 576
263 426
263 169
211 420
263 168
669 615
14 515
515 206
803 2
860 251
419 44
419 14
44 419
173 546
169 30
615 669
14 419
482 14
169 464
464 169
477 66
264 359
113 169
266 324
266 754
30 24
533 88
533 302
362 69
48 372
865 56
308 16
56 865
533 306
533 173
465 519
569 501
183 351
421 421
38 30
27 165
786 519
423 333
799 189
845 520
28 96
290 14
608 213
426 572
211 683
5 496
231 196
231 871
162 432
593 572
777 340
196 231
506 651
90 86
101 125
845 865
520 845
36 588
375 142
730 231
88 183
280 160
183 302
302 183
118 301
142 375
160 25
362 280
355 210
255 210
549 187
549 80
549 779
549 287
549 799
549 551
549 778
549 146
549 818
549 190
549 540
549 467
143 758
465 14
706 290
244 210
533 371
201 557
533 210
20 222
128 81
588 169
169 588
362 820
434 506
81 128
424 164
251 30
288 83
272 310
211 489
411 4
232 266
342 157
87 828
86 620
738 271
165 533
128 116
173 494
841 231
489 211
282 248
182 351
419 270
419 337
419 199
419 172
419 214
419 221
419 68
419 468
419 62
419 12
419 526
261 121
282 687
597 460
533 326
582 533
494 173
238 243
490 518
210 424
4 256
430 533
249 464
249 218
533 541
533 147
183 58
623 611
533 116
206 786
681 133
80 128
5 738
5 271
141 502
400 107
466 504
465 667
465 473
465 189
318 426
733 326
544 6
474 96
79 226
44 699
283 128
243 319
533 234
533 242
387 389
86 328
304 256
533 310
533 17
283 371
283 393
4 587
107 356
107 163
107 589
107 544
107 427
107 210
107 21
107 221
271 303
129 419
265 529
58 13
138 685
362 51
350 351
426 318
314 18
314 228
96 474
856 362
856 19
385 231
655 37
249 278
424 211
220 23
695 129
256 304
448 273
108 652
419 371
450 329
264 232
533 180
426 245
533 201
167 181
167 526
154 107
473 183
141 81
698 13
16 164
305 516
516 305
685 6
181 64
707 872
872 85
167 149
425 457
425 621
425 430
425 543
425 526
425 870
425 574
425 791
425 403
563 86
231 656
178 483
408 96
96 114
114 96
6 685
820 856
533 576
619 56
619 57
619 303
533 458
181 383
211 695
533 667
54 138
546 828
209 420
419 161
483 232
272 429
526 181
183 430
242 243
411 738
209 13
875 170
533 493
430 856
333 533
747 62
84 623
13 767
533 20
474 84
89 58
57 160
65 533
181 167
94 351
533 504
820 165
272 447
504 533
564 304
564 686
564 4
564 303
564 10
564 638
564 164
564 748
564 2
564 63
564 876
564 480
564 281
114 362
333 441
333 269
333 404
820 336
820 93
820 483
820 171
448 274
448 164
448 735
40 119
498 232
58 215
859 137
19 533
342 62
417 176
114 533
401 873
401 874
6 194
25 301
201 121
498 178
178 498
177 113
424 738
107 162
572 82
498 406
498 501
104 393
728 327
559 142
86 393
393 86
205 86
83 23
165 142
86 563
533 236
174 250
498 14
16 64
142 165
329 198
533 408
69 747
447 272
447 45
56 209
234 282
240 211
30 424
243 209
160 526
533 361
389 387
533 190
499 232
5 362
332 836
152 70
29 116
6 426
66 90
600 585
820 52
85 86
62 375
375 62
443 414
180 468
330 330
533 40
533 303
362 466
232 501
366 424
195 174
457 568
457 426
457 425
533 28
105 400
611 270
400 105
249 64
533 342
106 283
533 169
249 695
417 162
152 84
86 35
63 13
96 236
172 51
9 699
9 502
9 332
183 854
32 533
171 245
69 86
208 4
208 63
470 96
20 142
5 120
96 23
54 132
440 24
332 608
12 498
201 533
271 137
51 79
115 442
473 419
662 494
662 86
333 96
61 872
197 64
226 107
872 61
211 764
55 271
160 498
198 485
840 562
63 6
856 265
255 405
504 11
83 143
841 397
397 841
169 365
443 29
442 455
358 232
190 108
608 332
667 69
281 57
6 141
40 443
21 174
21 6
589 142
533 520
560 211
323 300
533 168
191 379
11 129
275 60
11 504
6 79
748 405
820 106
215 820
300 323
301 581
27 878
454 82
271 285
440 231
546 221
62 189
285 129
485 198
27 62
408 271
431 84
412 832
588 438
64 197
303 235
438 588
549 44
96 46
172 28
172 114
204 593
8 856
93 543
335 448
169 405
856 8
149 349
62 544
169 860
820 412
372 64
391 390
280 572
280 515
80 129
13 39
590 438
590 86
377 220
879 242
320 94
2 865
350 320
223 0
544 62
546 158
361 438
438 361
283 44
452 19
221 546
4 145
145 4
27 170
27 135
174 880
96 340
444 417
96 263
96 442
96 423
96 437
96 336
96 136
96 439
423 96
96 173
96 259
96 881
96 326
10 96
241 210
5 718
106 454
3 62
82 549
508 679
283 2
103 395
803 194
880 286
880 63
165 820
405 531
62 627
346 511
241 244
865 2
377 782
533 15
860 135
114 172
169 301
880 685
533 194
87 211
405 221
166 377
166 12
207 197
428 335
362 661
322 676
61 379
768 99
47 96
96 101
12 11
428 322
504 856
451 141
337 548
685 408
66 66
271 528
387 485
57 411
33 113
419 5
543 93
489 419
142 253
142 828
142 856
142 173
142 147
611 11
391 61
142 812
170 434
4 712
138 126
211 258
4 55
408 685
81 166
8 86
303 551
322 428
405 758
379 16
379 80
379 164
379 63
438 5
2 107
146 601
146 166
6 587
627 62
686 245
58 880
86 259
259 86
148 179
469 90
91 758
4 271
66 211
229 338
295 560
358 105
343 129
581 420
166 880
105 114
105 358
618 404
458 183
880 58
86 8
809 806
806 809
417 79
244 243
81 81
237 243
249 187
141 9
66 117
66 611
66 661
66 338
66 480
66 654
420 581
86 623
58 158
856 504
100 62
141 856
856 141
878 23
335 429
183 705
149 347
6 337
181 6
337 6
46 405
459 106
560 295
194 865
518 518
152 116
560 362
560 358
560 329
12 560
166 882
121 647
121 568
121 242
748 121
150 741
412 194
86 21
194 305
329 514
169 828
238 0
21 86
113 36
62 3
131 64
443 26
249 589
589 249
404 282
404 366
404 86
549 218
380 393
280 121
809 89
302 809
137 880
137 812
218 549
424 393
45 419
158 58
560 474
422 19
509 667
509 184
20 166
820 64
878 35
431 372
509 69
509 508
509 549
13 458
336 92
35 878
142 64
828 356
28 419
356 828
405 211
118 183
96 728
209 543
581 450
64 458
13 79
166 347
490 459
131 832
29 62
62 87
62 29
179 60
145 393
62 736
832 131
31 33
459 187
811 28
65 169
812 601
812 3
17 431
292 129
142 577
307 314
13 483
157 174
815 194
427 145
218 513
405 183
166 139
577 142
166 249
145 422
166 87
340 777
249 23
249 173
249 333
258 211
422 248
259 89
494 24
58 373
427 249
307 85
800 533
164 96
167 460
299 590
590 299
84 229
229 84
459 0
13 333
557 395
494 2
231 655
285 65
408 208
23 494
94 342
179 104
698 126
143 142
388 128
308 430
885 106
211 430
509 306
460 167
64 249
81 145
13 730
333 83
515 93
515 277
588 545
83 333
249 357
392 588
392 368
537 380
537 389
537 526
537 53
537 178
537 403
55 166
53 380
53 389
53 61
53 394
53 526
53 465
53 221
53 18
53 14
53 486
615 269
404 586
249 366
190 16
164 273
100 262
95 204
291 450
45 640
92 723
470 151
381 156
80 866
271 55
166 856
250 157
238 242
828 121
93 204
12 430
669 420
423 89
152 87
92 152
216 273
152 92
3 601
183 272
62 7
886 3
20 887
856 430
430 11
31 40
31 35
62 2
347 179
303 571
768 100
342 130
115 820
820 115
223 518
409 421
278 149
278 262
353 87
820 212
493 282
7 500
7 502
7 506
377 166
408 411
184 422
283 28
283 169
283 367
121 726
121 759
412 888
46 121
59 192
121 151
192 59
235 244
232 484
828 889
201 86
494 590
511 262
885 21
160 552
121 890
434 283
698 54
698 56
36 48
24 34
24 38
24 588
190 121
452 498
498 452
413 413
368 295
815 880
28 86
246 7
285 806
41 751
86 70
40 409
225 86
160 551
209 64
430 7
699 529
211 705
301 81
509 260
509 678
833 5
160 240
240 160
107 2
306 509
169 6
599 158
442 478
409 190
856 506
169 419
254 254
340 282
74 400
107 736
179 347
107 748
377 294
160 559
400 74
160 812
394 295
155 849
205 94
581 78
812 160
419 351
747 107
602 602
525 359
282 106
359 525
64 438
57 880
132 217
106 282
700 299
728 96
812 412
5 828
86 203
86 662
412 812
884 884
242 62
65 282
282 65
820 365
86 226
160 355
169 308
86 94
533 172
611 160
860 455
354 354
182 869
262 148
528 373
470 494
56 880
299 299
300 892
405 892
587 832
195 57
424 105
128 388
308 462
169 638
266 525
300 889
57 195
82 263
458 413
195 160
57 6
240 158
287 536
184 508
35 261
107 89
284 206
6 57
248 330
73 756
373 552
373 93
892 892
170 310
310 170
191 150
533 508
354 101
892 300
300 495
300 263
300 218
300 283
300 161
300 210
300 255
300 638
424 641
199 205
92 887
86 470
404 494
466 893
373 515
373 184
64 21
424 880
190 366
359 7
151 24
79 152
82 12
84 615
151 424
152 79
201 283
174 80
75 753
121 12
880 815
556 531
174 126
92 685
880 859
470 261
137 80
466 8
5 840
426 283
753 860
327 894
23 261
859 859
424 589
531 556
466 64
611 64
593 94
283 426
426 714
132 252
851 157
611 6
466 6
358 264
494 90
589 424
889 375
232 498
380 200
380 562
469 143
400 678
581 497
190 311
5 466
321 283
6 56
318 82
685 92
56 6
470 116
116 470
557 128
641 371
258 160
107 98
82 287
82 93
401 82
63 252
132 518
199 258
162 184
510 494
366 152
496 213
63 243
188 183
284 203
812 273
5 100
184 162
242 238
98 107
13 526
13 19
160 395
160 353
249 201
10 405
405 10
157 180
306 68
708 404
21 188
132 258
141 360
287 418
300 367
173 160
812 58
485 387
173 405
305 16
183 116
376 160
93 14
137 6
128 5
466 160
39 40
280 148
613 243
332 421
642 16
14 93
64 173
615 493
674 7
615 820
615 393
615 474
132 46
615 427
615 115
809 88
615 333
87 258
21 615
46 132
173 300
269 617
588 206
615 58
615 331
290 643
253 615
243 235
243 244
812 115
115 812
812 434
560 223
82 212
355 405
371 174
183 545
607 490
405 896
291 294
17 422
301 61
97 618
275 511
429 301
94 483
892 405
473 549
452 700
859 4
397 52
316 121
52 397
304 252
690 86
526 82
176 656
424 83
339 26
339 29
269 155
161 661
206 214
320 179
179 320
367 115
300 896
93 647
166 223
138 54
845 685
240 242
240 424
20 215
892 128
892 314
896 892
896 300
433 186
340 867
121 324
166 351
87 215
809 809
215 87
129 576
129 203
7 537
269 424
4 533
194 56
263 897
129 64
86 525
405 290
587 587
126 138
536 214
214 536
638 896
892 173
367 892
367 405
273 812
166 184
851 352
238 601
55 412
498 64
86 708
38 38
5 57
318 86
87 325
164 170
147 145
719 296
333 486
301 268
69 13
13 342
611 129
166 163
486 333
641 301
166 28
573 19
898 230
6 149
63 278
426 86
186 62
28 278
708 62
169 89
93 86
719 376
486 303
486 81
486 280
458 291
183 285
183 367
291 458
892 891
486 21
486 286
486 410
486 106
486 184
486 357
381 393
409 417
173 896
166 133
417 409
896 173
738 131
6 169
166 426
281 252
201 103
6 128
34 434
494 160
115 30
19 573
121 288
166 380
397 179
3 208
92 68
421 213
457 65
252 281
180 107
486 115
166 300
107 252
252 107
411 55
411 57
411 88
411 174
411 281
411 126
56 126
256 280
256 128
372 115
75 494
473 69
546 209
110 110
506 765
20 326
209 637
209 587
252 137
400 11
218 166
165 183
250 321
859 166
347 180
641 166
166 69
86 586
115 486
285 166
282 107
443 116
128 6
765 506
142 142
506 661
486 51
168 494
91 110
89 76
54 166
62 811
206 307
166 127
271 209
2 899
297 74
338 48
86 215
820 343
204 200
74 62
486 261
486 35
486 14
21 287
546 210
343 128
601 160
166 61
353 249
357 486
886 859
30 590
30 38
30 40
474 546
30 33
30 34
110 121
107 79
100 687
28 28
420 282
249 137
287 21
546 77
526 93
812 107
244 420
243 159
243 237
243 238
344 156
846 846
137 155
64 115
138 809
409 785
409 69
178 191
427 160
45 424
129 460
460 129
45 124
306 434
420 244
446 447
184 256
11 452
306 113
306 329
306 28
306 81
10 306
160 347
299 418
145 187
352 483
832 145
80 256
366 310
346 351
896 356
347 160
373 239
425 4
83 221
83 46
83 395
83 478
83 243
417 5
83 586
306 51
306 550
651 434
83 180
83 191
181 347
31 143
377 133
481 552
376 182
142 593
5 96
444 361
444 443
444 442
444 547
527 444
105 58
747 667
747 473
747 80
747 549
747 671
747 710
129 123
115 900
291 420
546 427
859 880
263 531
211 754
211 654
295 311
83 133
327 301
355 420
31 135
327 328
187 546
5 417
86 373
412 243
210 290
143 18
160 896
142 357
450 123
151 121
246 856
6 3
430 411
896 160
60 177
146 368
252 84
587 58
18 166
901 137
129 231
263 301
892 896
346 5
405 89
2 886
184 13
641 541
235 210
235 158
654 789
420 624
376 308
376 387
376 392
376 104
376 150
16 209
812 137
569 504
408 462
892 290
86 457
726 17
457 86
366 63
720 466
720 804
169 172
86 445
128 734
59 195
826 59
2 162
193 59
249 249
832 59
6 204
93 306
601 283
286 481
152 431
466 525
62 285
18 533
123 31
529 488
47 76
100 86
685 208
191 601
81 142
856 107
298 42
856 661
450 1
303 300
286 738
426 121
51 409
286 411
5 207
810 301
420 661
845 59
434 495
533 18
494 714
612 791
612 306
160 108
82 30
82 318
30 82
269 16
142 418
223 160
16 269
258 256
126 411
126 174
896 124
417 847
172 14
812 685
172 734
172 346
346 172
19 160
160 223
184 678
172 251
100 142
902 5
84 73
84 338
84 326
84 399
84 598
84 243
84 553
84 425
84 471
84 39
84 235
73 84
450 214
52 221
221 52
546 422
356 142
62 201
142 747
288 199
533 401
197 172
150 301
199 288
251 361
353 365
387 394
387 250
856 62
306 256
252 4
293 360
360 293
434 405
30 366
411 430
719 182
498 804
125 142
494 39
166 83
860 860
61 60
5 902
411 462
113 434
154 422
146 177
39 494
426 62
62 754
318 409
145 17
62 426
107 896
174 411
308 411
82 494
424 209
434 290
92 373
405 245
405 115
87 83
708 100
411 193
847 172
409 464
64 133
661 12
148 280
143 82
152 355
249 296
460 183
480 86
213 533
61 378
61 387
563 584
431 160
537 411
245 365
812 217
424 405
146 120
347 349
160 582
411 597
210 271
533 518
177 146
556 556
308 532
321 904
69 710
129 162
461 322
280 249
14 593
14 65
295 172
13 655
86 611
86 395
700 359
400 327
86 425
264 160
405 543
405 280
852 852
115 208
611 419
381 149
457 493
80 112
424 249
121 719
424 58
249 393
149 381
199 82
82 199
187 121
562 568
662 323
145 290
285 812
422 163
551 189
332 359
210 513
35 121
133 162
359 700
508 663
856 856
54 252
172 107
121 520
563 129
172 847
169 900
388 387
171 172
278 106
262 376
905 905
89 4
494 290
478 121
150 149
82 252
149 150
860 900
434 353
145 166
353 434
124 405
900 169
568 276
301 29
90 478
108 476
232 263
434 427
282 45
905 309
905 215
905 311
905 222
905 316
405 419
493 457
98 353
59 252
431 152
60 380
60 157
60 393
60 397
60 379
60 384
60 385
60 387
60 391
60 395
60 396
60 368
609 30
896 329
896 21
896 169
845 408
344 656
236 121
405 132
204 218
411 506
832 3
10 82
550 473
83 495
419 611
86 666
83 147
647 256
116 513
427 169
301 199
446 592
446 335
597 411
160 458
340 494
114 655
171 655
171 165
4 425
387 392
387 60
906 546
906 533
366 20
366 218
420 458
855 473
281 131
31 337
458 420
419 462
434 859
513 906
513 546
154 546
407 526
268 537
16 222
252 154
26 170
252 520
58 597
170 26
434 172
5 375
698 411
20 366
342 511
482 172
467 107
164 2
57 859
820 150
18 104
150 820
549 274
252 160
171 547
128 203
115 172
333 438
134 523
412 164
478 652
2 308
817 544
271 54
294 291
371 256
285 854
121 125
520 252
211 88
135 860
358 506
462 506
847 96
164 735
282 35
123 95
812 461
812 45
121 179
191 282
160 573
346 6
282 191
498 411
262 907
191 907
504 466
362 121
411 498
26 442
907 191
375 243
498 58
409 93
590 26
303 365
129 187
129 430
129 88
129 188
129 184
342 345
859 63
94 214
55 285
494 371
89 515
409 555
89 183
552 55
212 518
411 434
121 158
121 27
121 318
93 407
546 80
177 166
280 201
360 533
201 280
754 661
907 903
470 753
264 856
160 268
86 152
221 256
221 129
44 211
211 44
268 160
611 232
434 458
434 65
552 87
661 510
263 232
548 434
488 421
488 466
488 529
488 498
83 820
133 60
266 12
116 548
340 167
167 340
52 301
183 271
272 216
116 367
128 152
121 654
301 482
229 183
174 812
252 114
252 81
252 845
400 69
80 222
453 167
100 424
39 437
490 82
562 275
121 15
183 909
188 129
204 205
86 820
36 367
89 271
262 344
333 518
395 121
128 27
28 51
212 546
160 724
106 132
3 183
367 245
65 197
65 874
65 430
65 280
65 664
65 600
65 910
65 53
65 133
65 129
65 791
450 292
82 142
413 232
74 121
845 89
166 82
581 204
474 409
292 450
302 123
546 212
63 859
283 263
283 318
211 473
302 252
123 302
545 23
114 51
114 30
234 82
137 210
137 371
141 525
81 215
81 188
81 467
121 255
371 137
47 251
251 47
409 800
515 275
512 160
121 51
318 115
241 240
896 107
13 840
107 142
115 232
160 512
856 558
546 17
851 907
907 851
189 911
189 188
189 222
504 699
504 499
504 502
504 525
504 506
727 83
379 182
222 81
222 189
172 166
257 526
368 160
828 892
828 896
12 183
531 62
176 232
232 177
232 176
541 140
541 209
318 283
377 748
748 377
21 409
156 232
232 156
252 237
252 854
252 273
252 210
252 234
252 252
252 880
252 481
252 271
252 46
252 174
183 12
107 429
908 908
809 5
5 809
429 107
377 127
840 526
443 261
726 726
210 137
209 140
209 139
209 131
536 546
860 330
4 552
26 34
51 124
61 95
128 494
25 133
160 282
803 59
160 287
287 160
95 61
512 162
142 300
95 232
481 412
474 493
300 142
231 426
121 116
434 3
193 63
562 232
232 562
249 407
776 572
169 460
303 256
303 412
294 232
437 436
851 342
408 215
823 823
765 504
23 82
23 172
434 258
309 268
393 301
301 393
3 256
3 434
359 504
536 473
118 495
413 177
413 426
413 562
21 146
412 256
161 264
115 31
259 536
438 74
226 232
513 74
169 80
117 106
114 21
114 80
28 80
329 340
169 29
29 169
499 913
466 912
80 340
80 169
551 86
912 504
303 909
480 480
756 613
44 9
89 423
473 298
483 342
146 183
426 232
150 295
262 903
80 490
890 890
290 128
419 133
198 168
129 909
168 198
121 152
490 80
498 720
597 118
121 154
121 693
121 752
121 144
121 300
121 363
121 513
121 594
121 254
209 518
572 434
908 206
94 177
94 120
154 209
350 191
121 651
820 908
145 180
106 259
145 333
161 265
180 128
390 394
128 343
332 523
38 915
377 872
608 440
183 411
86 553
685 3
438 437
438 136
438 135
812 87
206 908
290 283
280 303
430 128
474 13
880 80
283 290
562 425
414 916
368 275
548 381
765 430
64 325
106 80
917 196
917 51
917 197
917 908
917 199
917 200
917 128
917 201
917 593
917 204
917 94
917 95
917 207
908 124
206 918
918 917
918 776
918 167
918 201
918 206
918 820
918 95
376 395
420 191
283 329
118 597
820 179
271 552
81 569
820 918
31 51
303 807
0 266
252 859
841 312
423 13
172 231
86 681
122 150
312 841
6 389
908 200
51 95
389 611
209 252
380 656
582 549
582 184
582 667
200 344
303 280
389 521
389 585
389 292
389 317
908 918
184 582
7 529
211 15
89 919
859 832
11 44
107 183
179 820
107 809
41 917
41 918
362 483
280 21
314 165
568 81
184 127
300 269
256 405
95 203
47 135
75 36
920 230
460 211
121 131
81 490
87 856
86 274
363 577
851 377
222 0
0 222
411 646
411 208
4 96
11 106
121 494
237 107
409 420
859 87
418 509
451 161
451 7
908 94
94 908
149 656
546 493
321 182
27 438
438 27
422 23
141 533
754 674
83 481
103 389
464 128
464 183
464 820
51 498
809 13
282 464
845 809
282 210
408 826
826 408
81 28
859 271
47 38
459 1
321 560
494 261
438 436
859 211
908 95
908 199
177 221
64 733
249 203
913 922
644 115
450 232
236 5
5 236
13 809
872 232
115 914
256 30
256 318
256 115
256 338
256 820
342 483
275 368
275 226
158 121
31 282
275 176
275 177
275 200
275 526
275 479
275 65
426 206
326 923
486 29
29 486
254 859
859 254
160 454
404 354
211 859
927 926
927 927
211 928
21 551
187 256
180 851
180 907
551 21
738 6
117 160
930 238
548 283
927 234
927 242
283 932
332 720
6 738
326 326
114 173
69 777
297 177
303 544
86 180
36 183
127 533
508 710
10 508
823 19
162 412
66 112
160 406
931 159
438 892
117 117
832 252
716 5
377 120
2 56
326 13
381 380
381 515
768 125
89 408
329 303
329 671
87 812
411 460
18 232
232 18
892 438
823 358
577 363
79 13
291 543
184 5
526 275
440 6
166 222
5 184
210 142
427 162
79 166
933 89
320 368
89 933
334 929
16 281
158 927
337 367
823 12
823 700
12 823
549 309
549 268
549 316
518 533
164 64
21 777
82 281
23 422
14 918
105 509
128 11
244 810
437 26
424 304
143 482
127 36
63 271
64 611
493 422
252 832
329 128
422 493
671 329
301 368
305 210
271 63
812 252
183 326
753 816
816 753
210 305
483 165
674 674
69 105
96 924
529 44
548 62
286 412
840 440
719 64
210 183
930 158
265 823
294 290
533 562
666 823
183 4
210 82
823 566
674 823
563 494
612 217
568 425
269 447
931 926
931 927
464 116
16 311
464 338
823 265
482 143
21 355
26 47
419 777
394 381
165 48
470 455
440 265
32 40
5 572
404 83
115 355
301 170
464 847
259 83
572 936
311 218
494 58
494 281
48 166
321 38
82 152
353 768
4 138
484 694
184 405
80 880
303 128
303 362
303 81
930 234
14 440
131 249
754 211
562 14
592 321
592 38
135 23
353 937
58 845
280 523
418 467
537 227
187 316
220 165
211 183
753 75
366 134
205 93
265 555
137 877
137 663
924 96
86 304
918 377
304 86
226 228
51 375
661 8
935 125
303 924
661 265
611 938
57 240
56 408
240 57
226 186
226 518
65 64
93 205
518 226
921 845
138 4
14 556
531 82
907 262
939 232
82 464
546 30
546 526
546 367
896 4
82 748
280 199
19 549
549 326
160 471
15 82
160 413
82 131
309 248
309 18
753 900
748 106
14 922
615 800
343 160
4 896
85 872
768 97
79 107
86 23
860 914
215 197
252 193
234 930
18 310
310 85
183 211
234 926
163 518
941 189
156 907
305 208
304 424
543 405
543 105
377 918
13 552
942 95
303 356
253 87
13 748
209 909
943 295
489 434
936 290
467 459
690 366
291 493
377 344
560 321
81 3
81 412
230 420
210 927
57 193
181 176
907 180
180 820
231 466
303 411
589 400
560 913
944 748
690 107
551 473
748 173
886 665
872 377
57 924
57 302
153 654
641 106
61 19
61 280
153 105
180 17
748 182
268 309
268 73
231 176
181 160
103 162
123 900
352 851
209 845
209 924
708 98
277 206
174 252
206 277
187 105
708 99
21 210
543 399
310 107
215 460
226 166
662 618
641 946
237 932
490 295
352 346
234 256
924 252
60 947
445 133
181 947
220 220
173 531
173 126
536 166
123 170
21 166
381 948
851 180
726 160
314 420
150 215
215 150
381 180
410 286
388 283
137 88
929 489
553 86
372 87
169 375
453 459
756 268
644 950
492 165
204 167
333 422
326 10
105 550
753 170
213 951
951 213
200 908
165 492
404 173
914 36
4 6
28 914
258 417
417 258
926 237
161 452
375 28
375 114
375 169
375 367
473 17
113 914
424 950
777 200
173 86
38 165
38 421
38 474
38 258
74 950
411 166
210 88
488 922
926 243
926 930
615 714
86 840
453 546
929 335
422 533
422 546
754 950
459 218
5 154
573 452
299 710
84 558
67 533
249 154
249 654
249 954
845 921
252 333
139 107
307 177
269 107
260 93
184 710
411 303
593 955
952 69
17 219
389 628
366 83
311 424
592 353
956 183
93 260
354 323
178 381
333 919
440 152
160 501
443 919
501 160
498 205
200 918
488 362
518 424
820 544
183 956
489 105
430 501
303 405
900 860
474 950
880 56
155 150
218 366
950 474
544 820
105 492
301 809
160 255
255 424
256 474
114 35
3 193
212 74
94 918
58 950
165 79
24 114
420 105
765 86
518 954
338 914
427 165
93 165
17 950
481 107
142 45
107 481
249 765
859 105
880 921
953 816
226 105
280 419
651 950
508 473
921 56
371 419
5 333
533 663
533 499
533 406
533 204
533 171
533 525
533 320
105 285
105 226
105 859
345 262
377 52
377 959
377 316
377 960
377 403
377 961
377 562
183 207
183 201
183 53
841 368
419 18
63 283
114 24
283 63
283 129
303 105
3 323
21 375
614 614
367 375
495 473
55 193
81 419
651 173
756 614
448 847
242 5
418 549
707 856
266 533
105 255
280 86
128 445
469 477
445 128
445 531
105 169
329 83
838 124
163 422
163 86
163 533
163 145
163 373
163 643
163 654
145 163
765 525
577 333
169 333
74 105
925 113
516 333
367 24
35 114
333 419
333 895
13 96
333 517
145 283
473 150
38 31
38 29
38 33
38 590
38 37
38 39
305 131
64 926
710 508
255 419
822 86
333 627
481 949
281 333
962 958
77 105
490 419
169 548
9 674
424 404
896 116
90 477
371 768
949 305
325 962
933 46
230 333
776 918
253 237
533 186
652 333
193 55
333 230
93 40
199 917
428 592
700 956
291 129
494 165
963 159
107 932
387 182
581 200
200 581
173 404
209 963
963 926
963 209
747 301
747 615
747 142
23 964
243 63
180 601
395 368
951 525
249 747
285 209
377 278
832 57
40 318
118 409
387 381
387 118
387 667
387 283
387 42
387 366
447 334
437 338
546 208
169 753
936 935
936 593
936 350
936 907
936 965
936 232
936 484
936 14
936 284
936 206
936 129
146 85
124 892
124 300
124 173
124 896
833 365
931 963
433 431
445 13
404 15
15 404
900 914
282 856
776 936
820 445
168 533
378 283
926 159
926 234
926 158
926 242
87 253
710 498
5 420
141 672
153 333
153 249
153 50
153 23
153 404
153 83
153 58
153 474
153 173
153 820
123 165
615 521
615 963
856 950
422 393
393 950
211 21
511 5
106 295
678 48
409 945
48 678
266 950
296 103
282 356
86 747
265 957
957 951
445 79
951 957
105 589
21 966
945 327
963 236
212 494
212 431
212 434
212 142
86 212
86 163
86 145
86 153
44 359
44 213
44 246
44 967
44 525
44 913
153 86
20 282
445 820
166 212
950 913
950 58
506 107
154 493
856 913
83 255
694 255
362 5
102 5
612 152
533 67
933 269
290 166
131 949
184 311
612 272
87 208
132 87
131 612
173 612
87 132
237 963
356 282
283 255
87 954
443 427
107 856
207 183
4 131
859 89
366 311
42 42
162 747
419 113
107 859
58 155
58 601
137 298
525 765
525 967
525 913
856 58
133 581
923 825
42 612
409 776
176 231
176 200
176 93
473 44
390 376
390 61
390 392
390 320
390 384
390 283
390 250
390 396
390 368
390 104
390 321
390 60
390 150
301 132
366 234
184 968
880 281
723 825
320 333
128 121
27 494
405 142
243 950
10 121
284 472
470 914
730 468
859 131
86 55
232 457
933 15
86 79
963 86
86 963
809 949
949 809
21 581
318 615
615 318
420 464
856 823
282 411
563 373
249 615
470 655
859 921
303 242
395 376
405 105
107 954
473 495
473 14
494 372
105 405
240 159
152 612
393 107
971 457
971 188
509 952
971 514
963 235
963 244
971 284
971 488
971 391
971 336
971 321
971 466
114 473
187 155
922 129
452 649
218 696
86 531
13 350
963 238
33 615
733 923
951 359
213 957
481 950
151 86
412 971
971 823
971 700
971 467
448 933
125 166
105 371
615 412
932 932
183 399
255 283
971 554
971 235
971 324
160 162
947 321
971 114
971 400
812 59
44 105
105 44
971 973
971 360
971 113
162 389
971 196
971 403
971 10
971 778
167 572
971 699
362 12
971 754
283 560
971 570
971 133
155 187
859 546
367 107
971 277
971 444
170 188
193 6
913 956
412 845
412 281
283 234
971 608
971 423
325 945
971 975
896 287
971 805
971 343
971 20
971 505
971 93
971 174
131 950
971 8
971 430
971 448
87 21
484 448
22 301
685 698
263 121
133 361
133 27
133 443
133 116
133 136
133 171
133 135
900 128
128 900
186 31
274 139
270 183
820 749
118 21
115 422
375 211
131 252
131 859
272 334
211 375
954 518
914 115
210 105
142 222
492 107
281 183
375 301
596 366
249 3
930 963
497 581
526 44
579 273
346 105
209 977
158 963
47 318
166 536
455 114
494 152
455 136
292 232
509 160
963 546
253 418
422 131
118 132
231 201
914 470
131 55
11 506
11 496
496 11
847 547
282 812
115 978
121 859
86 533
105 86
405 548
547 847
859 121
932 107
133 547
86 251
177 479
655 28
484 64
222 20
126 57
509 710
379 384
820 42
19 957
371 170
371 169
494 509
498 777
75 339
246 499
292 486
919 455
776 593
963 612
301 93
86 822
253 212
474 212
612 212
114 87
953 301
121 215
29 964
93 301
234 963
215 114
215 81
971 2
211 45
963 242
2 971
320 380
320 947
922 340
287 162
710 896
710 509
42 19
212 253
160 205
249 252
494 690
218 297
218 872
218 219
963 927
339 818
177 321
333 105
280 42
244 963
107 963
495 360
23 950
506 11
86 932
13 371
105 333
957 12
329 190
529 213
979 1
979 106
979 316
225 460
65 92
92 65
509 540
822 822
599 209
599 931
22 155
155 22
976 113
976 417
976 444
976 442
976 919
976 423
976 245
976 76
976 485
933 592
933 446
114 919
83 642
409 140
252 195
371 13
113 976
54 174
33 27
174 54
301 35
76 139
222 301
932 281
11 956
932 98
282 588
723 723
446 301
952 540
15 933
290 211
921 930
93 464
129 562
464 93
367 155
98 932
147 155
931 5
211 290
155 147
107 78
218 86
187 16
96 242
131 208
930 921
33 33
342 340
342 493
342 41
170 23
932 86
5 931
5 252
5 261
488 487
300 460
597 107
922 922
39 114
949 285
980 980
342 381
342 149
342 343
342 346
342 348
342 349
342 278
342 178
422 333
836 836
152 49
177 218
162 212
930 301
974 128
494 268
667 480
980 5
510 504
922 908
922 956
922 822
168 544
404 643
272 710
847 922
389 326
184 19
19 184
521 86
372 494
430 86
541 511
976 976
242 977
581 473
480 142
211 949
335 929
12 213
281 59
908 776
531 169
318 5
124 142
292 950
982 137
85 146
11 700
581 308
107 438
5 318
256 133
5 235
116 420
487 487
473 581
963 107
40 953
492 678
427 980
809 160
169 360
360 170
333 211
160 809
420 60
13 168
13 236
13 520
18 852
541 249
963 301
851 350
252 809
160 256
83 546
115 883
652 513
840 840
826 859
430 956
13 271
500 699
459 44
301 963
269 513
459 464
131 552
427 212
908 204
908 205
26 953
963 963
146 160
145 83
393 422
823 9
12 452
340 46
486 176
286 252
183 504
83 963
510 84
349 907
971 3
462 5
812 46
953 26
434 607
548 607
350 851
367 32
5 462
6 252
231 177
976 527
976 455
177 231
21 513
24 964
443 165
33 30
33 31
33 39
747 513
825 923
455 976
86 218
180 172
63 971
106 473
86 430
275 160
211 513
86 65
23 151
544 82
5 106
243 373
9 765
929 269
340 922
981 114
520 13
6 275
260 509
823 521
513 747
88 924
927 963
329 4
64 51
547 443
197 199
215 66
296 376
131 212
932 340
932 153
932 77
932 173
932 326
932 671
932 702
932 453
932 295
932 45
932 147
932 249
86 151
300 187
932 544
932 489
278 292
255 160
300 194
262 301
611 278
310 932
132 194
957 141
498 593
187 300
6 211
211 6
441 566
777 723
820 154
478 325
480 550
154 820
368 1
914 753
919 919
145 404
607 170
40 919
126 6
963 404
404 963
64 354
459 225
154 932
254 932
333 411
333 271
509 480
671 106
932 310
914 455
167 483
840 64
133 5
156 345
165 590
59 971
86 573
406 499
699 500
401 276
408 420
6 552
6 126
93 940
427 40
440 280
32 151
411 96
917 974
151 32
922 560
232 64
142 88
92 238
822 908
135 5
471 170
896 303
437 339
418 710
310 272
40 900
306 478
840 168
5 135
61 498
981 263
5 308
5 868
5 557
945 945
666 856
550 480
154 106
417 925
254 121
812 126
459 513
303 896
167 198
167 908
167 200
167 776
167 751
167 207
859 162
301 108
159 963
466 324
466 231
138 420
358 856
141 293
141 957
856 358
92 105
92 160
252 194
123 339
368 896
271 46
678 549
10 329
954 154
707 957
243 930
163 411
271 142
411 163
271 252
271 4
820 13
546 597
581 872
581 310
232 6
153 984
100 935
921 63
2 271
6 232
297 311
459 221
509 10
949 411
513 153
367 337
367 30
367 31
367 39
607 128
473 87
856 331
271 3
294 543
138 301
859 809
409 457
820 644
672 672
162 181
53 420
872 581
685 252
116 883
125 124
125 768
494 539
66 984
473 93
216 301
115 152
949 131
177 297
240 931
922 79
271 518
395 64
467 142
159 160
922 499
152 404
820 180
64 395
666 951
932 252
252 3
932 128
128 932
907 377
509 259
419 170
820 533
956 922
30 337
30 417
30 136
30 135
13 357
337 30
932 597
129 473
95 6
455 271
949 55
949 481
492 950
379 285
937 640
17 518
44 155
160 389
154 495
932 576
450 932
177 215
59 886
163 20
193 859
366 693
473 333
329 249
90 459
411 24
411 261
376 985
411 728
411 988
411 867
908 395
411 866
963 87
271 859
255 472
469 469
117 460
974 593
3 252
905 177
989 329
403 473
298 549
403 526
155 486
142 859
280 922
698 271
509 713
317 1
925 443
443 925
710 272
272 446
169 326
297 309
66 111
809 252
949 685
87 326
518 271
469 411
309 218
309 224
309 225
309 872
309 219
499 238
420 340
85 309
215 177
317 309
859 194
859 174
346 21
211 469
211 924
60 215
252 601
56 859
93 450
823 15
132 152
183 400
974 918
333 212
212 333
152 132
822 292
446 46
238 176
411 511
166 269
373 121
176 238
419 356
333 329
333 21
333 81
114 411
340 333
533 154
560 856
252 480
252 83
252 654
883 39
278 160
411 900
896 375
21 301
856 293
464 459
10 134
537 405
537 106
537 315
537 316
537 607
950 333
28 151
459 226
509 958
931 240
107 226
252 803
86 285
411 375
114 983
86 498
231 537
210 926
162 133
280 278
3 880
209 42
283 133
18 301
950 166
953 23
171 847
474 23
474 427
474 115
896 112
970 51
970 917
970 128
375 411
85 18
300 282
221 280
929 429
569 957
457 294
955 820
845 211
18 215
570 823
6 59
856 264
823 570
42 23
42 427
42 333
232 241
232 499
981 925
981 417
981 444
981 442
981 919
981 47
981 76
981 48
42 243
42 143
253 509
859 269
509 253
422 513
271 281
949 271
424 820
981 411
820 424
295 450
281 271
812 520
34 5
118 756
64 42
913 700
5 34
131 126
196 64
411 981
829 290
86 404
856 573
160 963
820 422
371 183
49 83
424 424
856 105
892 491
74 314
74 872
375 105
859 195
357 105
313 560
366 812
160 821
859 6
422 272
268 19
32 33
921 6
821 160
496 268
6 921
411 252
412 991
991 412
271 282
83 594
131 604
10 20
180 365
115 411
927 241
851 681
872 74
31 107
30 86
285 168
285 457
340 28
226 301
226 419
513 147
42 209
859 990
2 990
5 990
160 200
546 850
93 361
93 443
93 116
93 32
93 482
93 169
93 39
93 367
93 545
569 11
400 81
371 329
371 161
458 6
490 256
269 334
126 285
218 268
282 28
80 230
32 590
45 301
783 142
118 121
326 20
133 42
883 337
261 165
520 164
113 23
33 282
81 400
11 420
2 685
142 783
932 474
353 142
189 301
845 481
389 14
257 568
301 189
494 226
238 700
978 860
992 992
992 129
337 27
82 282
32 35
900 5
113 981
412 211
281 990
105 281
408 193
30 160
549 360
549 104
6 316
160 123
408 993
950 427
404 16
601 82
5 900
221 106
896 404
121 31
121 963
82 693
82 372
82 594
82 752
160 82
131 121
214 179
699 699
699 845
671 411
55 949
949 949
193 408
6 994
338 987
176 318
105 375
138 990
295 424
252 740
225 494
480 601
601 480
932 212
932 163
932 269
932 404
932 493
932 427
932 41
82 172
107 726
234 166
268 419
932 812
932 3
995 712
404 950
621 284
810 180
758 758
301 180
845 193
82 376
82 150
492 612
730 82
495 82
279 82
82 438
82 509
82 191
679 508
748 129
184 105
160 880
336 883
53 82
13 949
464 82
845 812
990 138
238 602
142 256
172 365
87 280
87 661
263 981
82 859
859 82
546 245
931 301
303 82
699 924
163 932
105 10
332 529
42 422
856 246
820 63
131 419
131 82
42 492
166 340
765 44
543 113
520 812
171 160
113 543
118 748
922 856
261 82
856 922
422 473
44 932
460 256
359 44
621 277
304 58
411 405
193 990
952 81
392 393
581 445
498 488
40 40
82 124
506 409
900 165
391 391
546 163
160 194
593 907
359 951
252 282
282 252
913 972
717 459
481 281
473 63
651 2
661 293
282 256
932 303
236 155
896 368
167 296
6 323
27 121
473 35
155 104
42 671
431 431
458 152
933 322
768 323
280 283
932 211
152 458
106 607
424 337
392 283
35 473
424 316
546 129
506 913
232 486
141 913
113 106
4 323
183 11
698 949
63 126
258 347
126 131
323 4
375 514
593 201
107 207
207 107
812 932
81 162
473 493
473 441
473 404
300 11
473 531
473 46
473 163
473 490
269 473
86 706
473 174
473 963
147 473
371 473
489 473
291 464
291 14
963 932
340 473
174 473
424 483
932 642
11 183
932 255
12 996
371 424
473 280
121 208
87 448
423 981
256 152
420 141
131 963
265 503
435 942
126 54
506 7
963 131
373 311
423 527
423 361
423 847
423 925
423 48
253 932
3 473
163 42
64 99
509 518
932 21
210 160
141 601
249 179
601 141
409 346
334 579
155 157
506 503
11 365
86 855
86 191
621 518
952 28
282 129
177 200
131 932
94 86
282 190
496 506
151 816
191 86
533 129
106 17
118 300
991 520
932 28
457 231
503 506
301 28
935 100
484 292
257 543
326 118
294 457
210 244
271 56
271 80
63 473
28 952
80 271
147 932
282 932
597 651
42 756
872 182
212 411
577 377
252 87
182 872
24 997
937 937
180 932
142 597
155 377
494 932
170 497
170 282
430 420
649 466
164 579
671 690
877 28
275 86
400 411
107 591
160 492
492 160
499 700
214 284
922 487
107 214
28 877
18 107
969 509
169 33
917 483
607 365
226 225
453 932
930 208
816 987
411 816
225 226
896 2
268 405
3 405
249 172
405 3
2 405
2 896
193 845
211 990
473 427
256 256
27 997
335 933
437 169
820 16
307 218
107 568
87 42
300 662
925 263
20 10
20 42
493 473
334 322
473 141
159 926
763 5
387 950
685 990
900 115
248 372
40 816
492 932
765 365
133 820
265 161
28 301
65 818
65 998
65 525
65 320
65 334
65 135
65 307
65 177
65 176
65 0
65 990
13 29
13 167
80 474
294 572
503 44
81 932
124 335
509 969
509 546
211 128
63 896
24 411
411 338
32 28
466 53
859 147
169 16
420 53
531 367
322 929
170 900
170 860
929 322
690 316
892 423
579 164
138 921
108 409
46 128
46 137
932 419
909 87
96 107
411 115
25 24
87 909
295 947
301 423
64 640
822 953
225 215
607 296
488 499
305 420
160 601
494 544
417 170
61 503
420 305
3 210
3 371
339 179
325 260
932 31
316 465
140 735
971 971
28 932
880 252
127 613
932 68
278 789
82 563
563 93
563 82
409 338
956 506
453 170
405 143
499 246
300 268
334 933
200 917
156 321
15 160
86 229
980 119
16 338
448 16
215 214
16 448
268 934
184 82
252 236
186 932
499 86
83 465
87 607
120 18
607 544
613 747
613 537
458 789
487 452
937 64
176 423
726 283
93 789
129 932
134 777
340 932
171 64
186 450
812 193
145 999
424 448
64 937
812 272
450 186
154 963
963 154
183 170
607 460
412 473
412 81
437 30
437 261
437 547
437 336
300 42
105 170
194 252
460 607
193 252
937 404
272 812
170 513
42 300
47 437
455 29
170 987
419 607
411 170
518 771
145 326
181 950
298 301
445 5
859 64
20 329
170 105
333 421
261 986
420 184
789 5
168 133
422 819
283 3
766 766
62 708
68 142
181 133
44 529
80 473
107 201
107 206
403 493
193 803
405 162
121 419
64 292
419 121
105 347
145 20
545 462
118 667
168 122
833 856
404 217
217 404
1000 232
7 420
215 347
215 440
162 186
168 822
409 28
756 223
166 242
404 373
54 107
803 63
18 365
435 163
1000 918
212 191
93 883
896 63
932 165
409 667
191 212
86 753
86 115
86 170
474 474
252 427
68 212
14 128
128 14
252 849
103 182
166 429
166 446
424 170
159 166
213 602
213 266
213 452
213 823
132 234
823 213
295 717
321 397
321 384
321 387
321 395
95 917
429 166
720 213
458 543
326 325
326 327
237 236
777 777
707 213
690 5
123 987
212 68
929 592
27 883
197 52
4 166
859 411
513 268
84 119
953 900
953 822
494 113
599 481
106 28
499 510
393 607
12 638
491 497
491 816
883 27
181 283
420 68
42 166
789 458
156 734
2 1001
560 1
560 1002
560 276
560 221
560 386
560 313
560 363
560 607
50 654
601 121
927 930
612 427
86 196
859 212
122 411
419 296
9 957
196 86
179 160
958 509
490 420
833 62
900 987
932 83
421 365
166 4
249 421
166 150
166 0
166 181
180 421
222 607
255 421
453 420
917 445
114 420
196 593
196 776
420 19
172 87
445 256
445 518
19 420
404 420
133 600
165 105
91 989
230 533
299 80
860 337
860 336
113 556
1001 4
299 287
23 421
42 221
105 215
215 249
438 987
1000 14
411 438
258 1003
506 466
55 1004
169 987
777 86
546 936
420 222
466 86
974 917
419 91
419 253
607 243
91 419
213 956
213 913
0 166
89 924
301 8
62 833
437 900
62 212
62 131
62 586
338 420
280 420
242 926
44 10
3 990
851 214
132 859
826 990
826 1001
471 607
46 812
45 933
42 343
68 366
733 825
160 228
607 421
160 429
509 190
172 212
329 486
56 921
480 107
173 366
265 856
429 160
949 880
32 165
313 623
68 420
509 420
832 520
299 968
249 950
361 981
953 590
226 533
152 86
316 420
205 917
520 832
256 489
707 950
373 306
250 368
496 922
426 231
7 212
212 7
883 32
409 151
1001 826
1001 194
1001 832
1001 803
1001 990
661 569
52 128
128 52
160 857
607 533
592 929
148 225
163 420
720 856
180 420
120 0
5 230
460 440
232 1000
913 707
207 160
579 335
918 232
420 450
1000 206
420 172
593 918
420 666
409 36
420 99
420 404
66 91
859 408
142 151
13 900
925 114
925 423
420 367
707 602
13 297
121 458
241 232
420 28
28 420
420 285
174 859
440 460
