1397 1470
1397 362
1397 750
1397 1462
1713 393
1713 1713
1713 1713
696 1610
696 708
696 713
696 734
696 696
1401 1412
1401 1413
1401 226
1401 235
1401 236
1401 1455
1401 1465
1401 1466
1401 1468
1401 243
1535 445
1535 780
1535 1550
1535 2273
1615 713
1615 2158
1615 1624
1615 2167
1615 1630
1615 2280
1615 1615
16 393
16 48
16 68
16 88
16 116
16 119
16 167
15 68
15 73
15 489
186 100
186 107
186 458
186 1443
186 1445
1567 1592
1567 1597
1567 1601
1005 696
1005 722
1005 445
1005 1445
1005 489
1005 788
1005 1018
1005 1465
1005 1481
390 277
390 445
390 475
1716 1717
1716 410
1716 1745
1716 1765
1716 1815
1716 1829
1716 1840
1716 1865
1716 1783
1716 1840
1716 1840
902 933
23 1412
23 89
1394 1545
1394 887
1394 289
1394 931
1394 999
1394 999
1394 999
1555 1585
1555 1597
1555 1565
1555 1575
27 27
27 63
27 60
27 68
27 85
27 445
27 133
27 160
216 31
216 222
216 666
216 234
216 235
216 142
216 247
400 393
400 399
400 410
400 416
400 277
400 1497
400 1498
400 1509
400 885
400 2312
43 14
43 696
43 30
43 31
43 41
43 49
43 51
43 52
43 654
43 68
43 124
43 160
43 1467
43 682
397 393
397 841
397 458
397 464
397 624
399 277
399 458
399 0
1036 1176
2113 1157
1722 393
1722 1848
1722 1832
2330 433
2330 437
2330 1637
2330 1647
2330 1653
2330 1660
2330 1663
2112 2130
2112 2134
2130 2112
2130 2134
2148 2126
2148 457
2148 2197
2148 2199
2148 525
2148 2297
2148 2303
1016 1583
1016 682
895 982
42 1641
42 133
32 43
32 509
1896 2101
708 1717
708 393
708 713
708 1641
708 734
708 458
708 464
708 1663
708 793
708 1530
708 814
708 818
46 69
46 323
46 84
46 113
46 117
46 489
46 153
1730 1842
1730 393
1730 1785
2101 445
2101 496
2101 510
1746 1770
1746 1832
1746 1879
1746 1746
427 544
427 32
427 1525
427 359
427 359
427 481
427 493
427 236
410 397
410 277
410 458
410 485
410 525
416 1717
416 397
416 277
416 458
2344 960
2344 975
2344 2344
2344 2344
425 396
425 406
425 445
425 475
425 476
425 140
425 509
425 510
425 982
1624 1616
1624 1630
1624 1659
1493 1504
1493 1525
1493 1492
1493 694
1493 682
1493 526
52 31
52 69
52 90
52 670
52 235
52 142
1748 1717
1748 1748
1748 1748
1981 69
1981 2005
1981 2066
1981 2073
899 405
1619 890
1619 1626
1619 1651
1619 1664
1619 1686
1407 1398
1407 1401
1407 1403
1407 1413
1407 1417
1407 1423
1407 1430
1407 1433
1407 1434
1407 1435
1407 1440
1407 1445
1407 1446
1407 1434
218 222
218 445
218 124
2159 1208
2159 2094
2159 708
2159 445
2159 828
2159 2200
2159 776
2159 489
2159 814
2159 2273
1405 1412
1405 1421
1405 1425
1405 1430
1405 1434
1405 1439
1405 1445
1405 233
1405 1449
1405 1462
1405 1464
1405 1467
1627 890
1627 1629
1627 1654
1627 1653
1753 1772
1753 146
1753 1753
1745 1716
1745 1765
1745 445
1745 1805
1745 1829
1745 1840
69 31
69 52
69 69
69 70
69 221
69 89
69 90
69 185
69 90
250 1007
250 445
250 1009
2221 400
220 228
220 235
220 240
68 391
68 43
68 560
68 106
68 1095
68 121
68 1443
68 175
68 183
667 663
667 107
667 975
667 1392
667 932
667 680
322 323
322 326
322 322
1346 902
1346 399
1346 1298
1630 1616
1630 713
1630 1624
1630 1631
1630 1640
1630 1659
1631 1742
1631 1624
1631 1630
1631 962
434 399
434 425
434 457
434 334
434 475
434 489
434 510
434 434
434 434
276 526
1055 1061
1055 1062
1055 1178
1412 1397
1412 1404
1412 1412
1412 89
1412 1428
1412 228
1412 1434
1412 1439
1412 1442
1412 1446
1412 235
1412 1459
1412 1467
1412 1476
1412 1412
1412 1465
221 31
221 70
221 222
221 223
221 89
221 185
221 247
1413 1412
1413 1450
1413 1466
960 405
960 975
960 967
960 682
960 1002
960 960
960 960
1498 1497
1498 445
1498 866
1418 1398
1418 1402
1418 1403
1418 1410
1418 1430
1418 1444
1418 1446
1418 1460
1418 1466
1418 1468
1418 1480
1501 445
1501 999
1501 489
1641 1635
1641 1654
1641 1653
1641 1673
1641 1565
1636 1555
1636 1621
1636 1635
1636 1641
1636 1646
1636 1647
1636 1653
1636 1580
1636 1558
1636 1673
1636 1565
1636 1684
1013 1009
1013 1013
1717 1722
1717 1767
1717 471
1717 1840
1717 1819
1717 1717
1385 1247
1385 1254
1385 124
1385 1385
224 1412
224 1413
224 225
224 228
224 233
224 242
224 244
224 246
224 247
1995 1412
1995 1998
1995 2000
1995 2002
1995 2020
1995 2046
1995 2049
1995 2066
1995 2073
1995 2074
1995 1995
1525 1470
1525 2215
1525 1540
1525 750
1525 489
1525 673
1525 2288
1525 1484
1840 1716
1840 1497
1840 1765
1840 1840
1840 1840
1767 1717
1767 1832
1767 1850
1767 1767
1767 1767
1419 1398
1419 63
1419 1412
1419 1470
1419 1449
2175 393
2175 525
2175 2288
445 410
445 2344
445 277
445 196
445 1497
445 1767
445 458
445 525
445 851
1261 1261
1424 1412
1424 1424
1424 1456
1424 1465
1424 1466
1424 1467
1424 1468
1424 1424
1424 1424
1006 445
225 220
225 224
225 445
225 228
225 229
225 1446
225 235
225 236
225 241
225 243
225 244
225 245
225 246
90 31
90 69
90 70
90 221
1492 1504
1492 1540
1492 1515
1492 1505
1492 2182
1421 1401
1421 1408
1421 1412
1421 1425
1421 226
1421 228
1421 1456
1421 1465
1421 1480
1421 1421
1421 1421
1425 1402
1425 1430
1425 1466
1425 1467
1572 1621
1572 1654
228 225
228 1430
228 227
228 229
228 1434
228 232
228 233
228 235
228 236
228 244
228 375
228 245
228 246
226 216
226 1401
226 228
226 1445
226 232
226 236
226 1464
226 1467
226 241
226 242
226 243
226 244
226 245
226 247
663 695
663 1005
663 700
663 1615
663 405
663 713
663 722
663 663
663 666
663 811
922 1346
922 1082
922 922
922 1653
922 1559
922 972
922 916
922 922
1603 1559
1603 1580
1909 1910
1909 119
457 405
457 425
457 277
457 434
457 602
457 2348
457 372
457 628
1264 1208
1264 1296
1264 1300
1264 1299
1264 1316
1264 1330
1264 1333
1264 1340
1264 1373
1640 713
1640 1630
1640 1631
1640 1662
1640 1598
454 396
454 708
454 419
454 277
454 471
454 509
458 397
458 2322
458 482
458 458
229 213
229 68
229 1412
229 224
229 226
229 228
229 229
229 232
229 233
229 235
229 236
229 241
229 242
229 243
229 245
229 247
107 31
107 221
107 247
107 107
933 1455
1436 1412
1436 445
1436 1444
1436 1464
1436 1465
1436 1474
990 1007
990 1647
990 962
990 978
990 848
990 1108
990 990
990 990
1559 1636
1559 1580
1559 1558
973 471
973 1594
973 1549
1848 1807
110 47
110 91
110 845
110 489
110 496
755 1369
1281 451
1281 494
1281 1281
1281 1281
1439 1410
1439 1412
1439 1444
1439 1446
1439 1449
1439 1458
1439 1461
1439 1466
1439 1475
1439 1478
1439 1465
1439 1439
760 760
760 978
461 461
461 119
461 827
461 827
461 2387
461 832
461 833
461 461
1301 1302
113 46
113 46
113 445
113 104
113 458
113 159
116 31
116 43
116 458
1226 1257
1226 1344
1063 1075
1008 2373
1509 2106
1509 400
1509 1498
1509 2178
1509 1509
1509 496
1509 525
1509 1541
1727 1736
1813 1716
1813 1805
1813 1887
666 650
666 244
666 185
1585 1555
1585 1600
1585 1597
1585 1565
1585 1575
763 672
1229 1229
1299 1259
1299 1261
1299 1296
1299 1863
1299 1299
1299 1299
254 1970
254 510
254 254
1445 1398
1445 1403
1445 1404
1445 1411
1445 1417
1445 1423
1445 734
1445 1442
1445 1443
1445 1444
1445 1445
1445 1446
1445 1449
1445 235
1445 1458
1445 762
1445 1464
1445 1465
1445 1466
1445 1467
1445 1472
1445 1475
1445 1476
1445 1478
1445 1465
1009 235
1229 1239
1229 602
1229 1229
1229 1229
476 562
476 75
476 742
476 1071
476 1308
476 1310
476 493
476 1466
476 623
476 526
476 476
1441 1412
1441 226
1441 235
1441 1462
1441 1468
1441 1480
1441 1466
1444 1398
1444 1411
1444 1424
1444 1428
1444 226
1444 1430
1444 1434
1444 1439
1444 1442
1444 1445
1444 1446
1444 1449
1444 1458
1444 1459
1444 1460
1444 1465
1444 1464
1444 1466
1444 1467
1444 1471
1444 1476
1444 1478
1444 245
1444 1465
1444 1444
772 854
772 1507
772 445
772 750
772 525
772 2316
975 1545
975 1394
975 887
975 2344
975 289
975 458
975 931
975 939
975 950
975 999
975 482
975 955
975 964
975 999
999 887
999 289
999 931
999 237
999 975
999 932
999 341
999 999
999 999
1587 397
1587 713
691 878
691 1498
691 1143
471 388
471 392
471 393
471 433
471 445
471 451
471 494
471 789
471 1840
471 367
471 512
471 518
471 451
471 471
471 451
124 12
124 26
124 31
124 69
124 70
124 221
124 222
124 228
124 231
124 247
124 124
124 124
124 124
1296 2009
1296 1264
1296 1299
1296 1344
1661 1611
1661 1627
1661 1629
1661 1635
1661 1637
1661 1636
1661 1645
1661 1646
1661 1647
1661 1653
1661 1673
1123 909
1123 1183
233 1413
233 224
233 229
233 666
233 236
233 1465
233 1467
233 241
233 242
233 243
233 245
1523 489
1523 1517
1316 1272
1316 1288
1316 1326
1316 1328
1316 1330
1316 1316
232 393
232 1573
232 226
232 228
232 229
232 236
232 241
232 247
485 397
485 410
485 458
485 1509
485 393
1589 1589
489 489
846 845
846 846
846 962
235 213
235 216
235 26
235 63
235 69
235 1412
235 1413
235 221
235 1443
235 1447
235 233
235 1450
235 236
235 1465
235 1466
235 244
235 247
1449 1405
1449 1407
1449 1412
1449 1420
1449 1428
1449 1439
1449 1442
1449 1443
1449 1444
1449 1454
1449 1459
1449 1460
1449 1465
1449 1467
1449 1475
1449 1476
1449 1465
784 493
784 526
784 1484
493 277
493 75
493 602
493 784
493 526
493 493
493 493
493 493
1832 1687
1832 1717
1832 1722
1832 400
1832 1832
234 26
234 31
234 52
234 69
234 222
234 228
234 235
234 247
1859 1689
1859 1722
1859 1848
962 910
962 960
962 1574
962 929
962 962
962 978
962 814
962 848
962 967
962 1002
140 154
140 679
1330 1264
1330 1316
1330 1344
743 1525
743 458
743 479
1450 1424
1450 1450
1450 1455
1328 1219
1328 1223
1328 1244
1328 1264
1328 1272
1328 1342
1328 1331
1328 1352
1328 1328
1328 1328
139 391
139 393
139 43
139 1272
139 162
139 173
1453 1412
1453 1416
1453 1433
1453 1434
1453 1442
1453 1443
1453 1446
1453 1476
497 890
497 1621
497 445
497 1513
497 471
1369 489
1369 1369
142 78
142 235
1149 1127
1149 1093
2049 393
2049 1975
2049 254
2049 2049
673 696
673 185
1017 1005
1017 1008
1455 1413
1455 933
1850 1717
1850 1764
1850 1767
1850 1771
1850 1881
1340 425
1340 1264
805 391
805 781
805 781
805 515
805 391
972 2323
972 972
972 932
1456 1401
1456 1402
1456 1429
1456 1430
1456 1467
786 702
786 1848
848 848
1467 1404
1467 1407
1467 1416
1467 1420
1467 1421
1467 734
1467 1428
1467 1439
1467 1441
1467 1445
1467 1446
1467 1449
1467 788
1467 496
1467 1458
1467 1459
1467 1464
1467 1468
1467 848
1467 346
1467 244
1467 1477
1467 1478
1467 1465
1467 1465
1466 696
1466 1402
1466 1408
1466 1573
1466 1430
1466 228
1466 1443
1466 1444
1466 1445
1466 1462
1466 1464
1466 1467
1466 1476
1466 1466
1466 1466
2060 1746
2060 1412
1465 1398
1465 1405
1465 1411
1465 1412
1465 1414
1465 1416
1465 1418
1465 1421
1465 1430
1465 1433
1465 1436
1465 1441
1465 1443
1465 1444
1465 1445
1465 235
1465 1453
1465 1454
1465 1458
1465 1459
1465 1461
1465 1466
1465 1468
1465 1469
1465 1471
1465 1472
1465 1475
1465 1476
1465 1478
1465 1480
1465 1465
816 851
816 993
1172 1089
1172 489
1172 1173
1172 1175
1172 1188
1174 1167
1174 364
1174 1175
1468 1402
1468 1408
1468 1413
1468 1421
1468 1422
1468 1436
1468 1441
1468 235
1468 1466
1468 1467
1468 1480
1468 1466
304 393
304 400
304 708
304 408
304 272
304 445
304 448
304 284
304 304
304 304
304 304
1462 1441
1462 1444
1462 1445
1462 1460
1462 1467
1462 1478
2066 445
2066 2049
982 901
982 1412
982 1257
982 1334
982 1467
982 982
982 982
980 883
980 682
980 2288
980 980
978 75
978 760
978 3
978 1673
519 58
308 405
308 489
308 786
849 393
849 461
849 310
849 849
133 696
133 662
133 101
851 400
851 1497
851 445
851 993
242 393
242 220
242 1412
242 1413
242 225
242 227
242 228
242 1445
242 242
242 243
242 245
241 1413
241 226
241 227
241 228
241 107
241 1466
241 242
241 243
241 245
241 246
241 247
1130 1412
1130 1077
1130 1598
1393 1974
1393 1036
1393 63
1393 90
1393 776
1393 489
1185 1062
1344 2330
1344 1281
1344 471
1344 1316
1344 1330
1344 509
177 393
177 411
177 69
177 458
177 139
177 173
181 1717
181 64
181 68
181 99
181 1095
1565 1636
1565 1641
1565 1600
1565 1603
1565 1653
1565 1559
1565 1580
1565 1585
1565 1597
1565 682
682 663
682 107
2284 866
2284 489
1435 1398
1435 1400
1435 1403
1435 1407
1435 1417
1435 1423
1435 226
1435 228
1435 1433
1435 1443
1435 1446
1435 1449
1435 1460
1435 1466
1373 1264
1373 1283
1373 1300
1373 1373
1552 887
1552 237
1552 1593
1552 694
1469 1430
1469 1434
1469 1439
1469 1451
1469 1465
1469 1478
885 400
1515 1504
1515 1493
1515 1525
1515 1492
1515 1540
1515 1509
173 393
173 79
173 177
1351 1209
1351 1261
1351 1281
1351 1314
1351 1316
1351 1326
1351 510
346 434
346 334
244 393
244 1412
244 224
244 225
244 226
244 233
244 241
244 244
244 185
1960 1891
1960 445
1960 1960
1960 810
344 2404
344 2288
344 2288
1598 445
1598 458
1598 496
526 1621
526 277
526 493
526 136
526 2288
526 526
526 526
183 27
183 66
183 68
183 1095
183 124
183 489
183 966
1547 393
1547 708
1547 1548
1477 1412
1477 226
1477 228
1477 1441
1477 1446
1477 1465
1477 1467
1477 1480
1478 1412
1478 1573
1478 1428
1478 226
1478 1444
1478 1445
1478 1446
1478 1449
1478 1458
1478 1459
1478 1460
1478 1465
1478 1467
1478 1474
1478 1478
1478 1465
1478 1465
1478 1478
1104 393
1104 922
1104 972
915 475
915 957
915 1330
915 509
1505 1504
1505 1548
1505 1525
1505 1492
1505 1540
1505 1515
1505 185
1480 1401
1480 1413
1480 1424
1480 1430
1480 228
1480 1431
1480 235
1480 1462
1480 1466
1480 1467
1480 1466
1480 1466
1002 882
1002 952
1002 983
1002 984
996 1022
996 489
996 996
996 996
996 996
531 430
531 433
531 464
245 224
245 225
245 232
245 235
245 1465
245 241
245 242
245 243
245 244
245 245
245 246
245 247
2316 854
2316 750
1484 2288
536 429
536 69
536 432
536 75
536 221
536 449
536 126
536 514
536 540
247 216
247 1413
247 221
247 224
247 225
247 226
247 228
247 232
247 233
247 235
247 496
247 1450
247 236
247 241
247 244
839 1891
839 1587
839 489
839 525
839 810
1481 1005
1481 734
1481 1445
1481 1467
481 395
481 427
481 75
481 2354
481 510
788 1467
788 820
788 2281
119 696
119 1718
119 397
119 47
119 1745
119 445
119 734
119 109
119 496
119 146
119 159
1842 1691
1842 1730
1842 445
825 405
825 742
825 811
825 2259
1580 1603
1444 1444
396 386
396 399
396 425
396 435
396 749
396 290
396 461
396 464
396 254
396 509
396 849
396 310
396 827
396 833
396 396
2351 1571
2351 2387
749 396
749 2351
749 761
749 938
749 794
749 797
749 832
623 397
623 568
651 90
651 124
651 1392
651 680
436 451
436 304
436 436
433 396
433 419
433 433
433 435
433 196
433 444
433 458
433 483
433 489
433 1832
433 509
433 531
433 433
433 433
99 69
99 75
99 119
99 145
1470 359
1470 244
927 933
927 489
927 874
927 996
1331 1271
1331 1284
1331 1316
1331 1298
1331 1324
1331 1328
1331 515
1331 1331
88 391
88 50
88 654
88 280
1434 1400
1434 1407
1434 1412
1434 1428
1434 1433
1434 1434
1434 1435
1434 1439
1434 1439
1434 1442
1434 1443
1434 1447
1434 1449
1434 235
1434 1466
1434 1467
1434 1476
1434 1465
1434 1434
1434 1465
359 1470
359 1525
359 236
1452 1402
1452 235
1452 1450
1452 1467
1452 1480
237 1387
237 228
237 931
237 2353
237 351
237 235
237 1390
237 1593
1430 1407
1430 1421
1430 1434
1430 1444
1430 1445
1646 1621
1646 1627
1646 1635
1646 1638
1646 1637
1646 1636
1646 1641
1646 1645
1646 1648
1646 1654
1646 1653
1646 1661
1646 1
1646 3
1646 5
1646 1673
1646 1684
1646 1685
2224 2148
2224 2197
2224 2293
2224 2297
2224 2303
398 890
398 1764
398 760
398 119
398 477
398 1664
398 497
398 515
398 515
1645 1629
1645 1636
1645 1641
1645 1646
1645 1643
1645 1647
1645 1673
1645 1476
1645 1684
1645 1685
1718 1716
1718 1717
1718 393
1718 407
1718 1745
1718 1765
1718 1799
1718 1815
1718 1840
1718 1855
1718 1865
1718 1819
1718 1203
1718 1718
1718 1718
1011 1016
1011 69
1011 922
1011 972
1655 1650
1238 1331
1238 1382
1403 1407
1403 1412
1403 1414
1403 1417
1403 1423
1403 1573
1403 1428
1403 1430
1403 1434
1403 1435
1403 1442
1403 1443
1403 1444
1403 1449
1403 1459
1403 1465
1403 1466
1403 1471
1403 1472
1403 1475
1403 1478
1403 1479
1403 1465
1403 1434
1403 1465
1417 26
1417 1398
1417 1400
1417 1403
1417 1404
1417 1407
1417 1412
1417 1414
1417 1416
1417 1417
1417 1428
1417 1430
1417 228
1417 1433
1417 1435
1417 1439
1417 1443
1417 1445
1417 1448
1417 1458
1417 1459
1417 1461
1417 1465
1417 1466
1417 1467
1417 1472
1417 1475
1417 1478
1417 1479
1417 1434
1417 1465
1417 1465
24 23
24 391
24 43
24 117
1685 708
1685 1628
1685 1629
1685 1638
1685 1637
1685 1641
1685 1645
1685 1646
1685 1648
1685 1654
1685 2104
1685 1673
1685 1684
63 63
190 602
190 866
776 696
776 2159
776 717
776 734
776 1436
776 776
776 814
776 818
776 373
776 821
818 708
818 734
818 292
818 776
818 972
818 814
818 1481
734 1502
734 235
734 814
734 734
878 825
878 691
1475 1411
1475 1417
1475 1423
1475 445
1475 1439
1475 1443
1475 1445
1475 1446
1475 1465
1475 1446
1475 1465
1460 1398
1460 1400
1460 1404
1460 1411
1460 1414
1460 1416
1460 1573
1460 1430
1460 228
1460 1439
1460 1444
1460 1446
1460 1449
1460 1459
1460 1461
1460 1466
1460 1476
1460 1478
1460 1460
1460 1465
1476 1398
1476 1411
1476 1413
1476 1416
1476 1420
1476 1645
1476 1439
1476 1444
1476 1445
1476 1446
1476 1448
1476 1457
1476 1461
1476 1465
1476 515
1476 1466
1476 1467
1476 1475
1476 244
1476 1476
1476 1465
1476 1465
1659 713
1659 713
1659 1624
1659 1640
1659 1662
1659 807
375 425
375 358
375 489
375 375
684 736
684 1523
363 445
363 228
363 235
419 434
419 435
419 445
419 849
419 419
1321 1350
1321 1361
1321 1321
348 364
348 1176
1635 1621
1635 1641
1635 1646
1635 1648
1635 1654
1635 1661
1635 1673
1635 1684
1673 1621
1673 1635
1673 1638
1673 1637
1673 1641
1673 1646
1673 1648
1673 1653
1673 1685
722 2281
1602 979
1621 1627
1621 1635
1621 1638
1621 1637
1621 1641
1621 1647
1621 1654
1621 1653
1621 3
1621 970
1621 1673
1621 1684
2340 405
2340 2159
2340 2160
2259 2135
2259 489
2259 344
1637 1607
1637 2330
1637 1621
1637 1627
1637 2174
1637 1646
1637 1643
1637 1648
1637 1647
1637 1661
1637 1663
1637 3
1637 1685
1658 708
1658 437
1658 1525
1658 1648
1658 1647
1658 489
1648 2330
1648 1621
1648 1627
1648 433
1648 1637
1648 1658
1648 1525
1648 1645
1648 1646
1648 1643
1648 1647
1648 1654
1648 666
1648 1661
1648 3
1648 1673
1648 1527
1648 1684
1648 1685
1648 859
432 61
432 440
432 449
432 207
432 505
432 536
432 538
432 540
1647 1607
1647 393
1647 708
1647 1621
1647 1627
1647 1635
1647 1638
1647 1637
1647 1636
1647 1641
1647 808
1647 1646
1647 1643
1647 1653
1647 1660
1647 5
1647 2104
1647 1668
1647 1673
1643 1611
1643 1629
1643 1635
1643 1638
1643 1637
1643 1641
1643 1661
1643 1673
1643 1527
1643 1685
1681 1397
1681 1470
1681 1525
1681 1540
1681 750
1681 1660
1681 1484
1681 859
770 432
770 1525
770 489
770 505
770 538
409 49
409 89
409 449
409 129
409 536
409 538
1664 890
1664 1554
1664 1617
1664 1619
1664 1626
1664 1651
1664 1682
1663 2113
1663 708
1663 1621
1663 1629
1663 1637
1663 1641
1663 1643
1663 1648
1663 1647
1663 1580
1663 3
1663 1673
1663 1530
1663 1684
1663 1685
1396 1573
1396 1465
1398 1396
1398 1398
1398 1404
1398 1410
1398 1411
1398 1412
1398 1416
1398 1428
1398 1434
1398 1439
1398 1444
1398 1449
1398 1457
1398 1460
1398 1466
1398 1467
1398 1465
1398 1465
1684 1611
1684 1621
1684 1629
1684 1654
1684 1661
1684 526
1471 393
1471 1403
1471 1412
1471 1423
1471 1430
1471 228
1471 1433
1471 1445
1471 1448
1471 1460
1471 1467
1471 1472
1471 1475
1471 1465
1269 1165
1269 405
1269 1370
1269 991
1269 916
464 396
464 433
464 435
464 332
464 290
464 472
464 484
464 1832
464 984
464 509
464 1155
464 310
464 531
1387 1390
261 353
261 1007
261 250
353 1007
353 1009
353 261
1660 393
1660 2330
1660 1637
1660 1658
1660 1645
1660 1648
1660 1668
1660 859
1639 1626
1639 1651
1639 1664
1639 1666
1639 1682
932 1621
932 1645
932 999
932 680
932 932
1687 1644
1687 1844
1687 1832
538 49
538 69
538 432
538 440
538 449
538 540
1422 1402
1422 1412
1422 1425
1422 1430
1607 1638
1607 1637
1607 1644
1607 3
1607 525
509 396
509 1851
509 405
509 714
509 419
509 425
509 433
509 435
509 510
509 538
509 509
509 509
79 23
79 50
79 97
79 160
79 177
79 393
2109 2113
1211 393
1211 1261
1211 1264
1211 1283
1211 1296
1211 489
1211 1326
1211 510
1211 1350
1211 1211
1211 1211
1549 708
1549 1646
1549 477
654 12
654 654
658 31
658 89
658 235
670 107
670 681
670 670
2312 393
2312 2147
2312 708
2312 2178
2312 1509
1261 476
1261 1326
1261 509
1261 510
1261 1352
1548 1645
515 436
515 1498
515 441
515 451
515 1651
515 515
515 515
411 277
411 738
411 465
1257 1234
1176 1036
1176 1064
1176 1089
1176 760
1176 1177
1402 1418
1402 1421
1402 1441
1402 1467
1402 1480
1996 1999
1996 1998
1996 2001
1996 2002
1996 2003
1996 2005
1996 2020
1997 1999
1997 2000
1997 2001
1997 2005
1997 2020
1997 2030
1997 2066
1998 1978
1998 1995
1998 1999
1998 1997
1998 2000
1998 2002
1998 2020
1999 1995
1999 1998
1999 2001
1999 2002
1999 2003
1999 2005
1999 445
2000 1995
2000 1998
2000 2002
2000 2003
2000 2021
2000 2030
981 489
981 1456
981 240
323 323
323 334
323 335
323 140
323 340
323 323
383 56
383 378
383 1450
383 383
1832 1832
309 458
309 776
309 309
1871 1046
1871 493
662 140
1177 2028
1177 1141
1177 2074
1423 1398
1423 1400
1423 1407
1423 1412
1423 1413
1423 1414
1423 1416
1423 1417
1423 1420
1423 1428
1423 1430
1423 228
1423 458
1423 1433
1423 1434
1423 1439
1423 1440
1423 1443
1423 1444
1423 1446
1423 1449
1423 235
1423 1458
1423 1460
1423 1461
1423 1465
1423 1467
1423 1475
1423 1476
1423 1478
1423 1479
1423 1465
179 68
179 1095
179 2070
179 181
909 909
1280 1574
401 1722
401 399
401 400
401 713
463 708
463 561
463 761
463 310
463 247
680 90
680 667
680 932
680 239
435 397
435 433
435 1587
435 984
435 509
435 511
435 525
435 435
435 397
814 2159
814 718
814 307
814 818
814 373
1611 1641
1611 1643
1046 1046
1046 1525
1046 2008
1046 489
905 405
905 930
714 496
714 509
1071 1028
1071 668
1071 476
1071 308
1071 526
19 20
19 89
787 531
1352 1261
1352 1330
1352 1316
808 405
808 705
808 723
808 774
808 781
808 819
808 720
808 711
808 391
2186 2087
2186 2123
2186 2126
2186 2132
2186 2133
2186 2136
2186 2138
2186 2148
2186 2197
2186 2198
2186 2213
2186 2231
2186 2270
2186 2288
1277 1264
1277 1229
1277 1277
2126 2101
2126 2122
2126 2186
2126 2197
2126 458
2126 2404
2126 2270
2233 2243
299 708
299 789
268 269
268 272
268 304
2281 695
2281 722
2281 788
1530 1498
1530 2374
695 820
695 525
145 71
145 75
145 99
145 489
2139 2097
2139 393
2139 2100
2139 2122
2139 2126
2139 2127
2139 2140
2139 2142
2139 2186
2139 2197
2139 2404
2139 485
2139 2270
243 225
243 228
243 229
243 242
243 244
243 245
470 434
470 283
95 393
95 655
95 1641
95 89
1057 1197
1057 489
1057 509
1057 1104
657 659
657 670
657 107
1166 1165
1166 436
1166 2057
1166 1164
1165 1045
1165 1163
1165 2057
1165 1114
1114 1028
1114 1165
1114 1166
1114 1163
1163 1042
1163 1269
1163 1045
1163 1114
789 388
789 1646
789 471
789 494
41 23
41 393
41 136
41 525
2119 2235
2119 790
1825 1739
1825 1794
1825 1735
1825 475
1825 1860
1825 1825
1448 1403
1448 1417
1448 1445
1448 1471
1448 1475
1448 1476
1448 1476
1860 1739
1860 1825
1499 489
2098 79
2098 2218
2098 2098
2098 2098
2098 2098
2098 393
1095 1024
1095 1175
1095 179
1095 181
870 1637
870 1647
870 866
870 866
1849 1716
1849 509
1849 1855
1430 1430
483 396
483 2351
1170 1099
2147 708
2147 2312
2395 1498
2395 2391
2395 2393
2395 445
2395 750
2395 826
704 714
1314 254
1314 1315
1314 1335
1314 1186
1314 1384
1314 1314
1872 1717
1872 1095
1872 525
622 648
3 1635
3 1641
3 1643
3 1648
3 1663
3 4
3 5
3 978
3 1685
692 1903
692 445
692 525
692 1484
692 2316
1101 1203
1040 1048
1064 1412
1064 280
1064 1073
1064 1089
1064 1190
1350 1211
1350 400
1350 1232
1350 1278
1350 1299
1350 1373
1350 1350
1794 1739
1794 1797
1794 1860
2058 1176
2058 2066
2058 2058
1090 2288
1089 1064
1662 1615
1662 1616
1662 1630
1662 445
1662 1659
1391 1390
1609 69
1183 1057
1183 1104
1606 63
1606 1637
1606 1658
1606 1645
1606 1647
1606 133
1606 1685
77 43
77 79
77 77
61 47
61 71
61 91
61 449
61 109
61 110
1785 1693
1785 1842
1785 659
1381 1247
1381 489
1381 1331
1381 1349
1381 1375
967 960
967 1573
967 940
967 1002
967 960
967 960
451 392
451 417
451 418
451 1749
451 436
451 1922
451 471
451 1815
451 494
451 512
451 518
451 451
451 451
1245 1247
1245 1353
1245 1002
1353 1208
1353 1247
1353 1261
1353 1266
1353 1316
1353 1340
1353 1353
1610 1610
1610 1445
2008 1046
1454 1412
1454 1430
1454 1434
1454 1441
1454 1445
1454 1467
1454 1480
728 2165
1408 1413
1408 1425
1408 226
1408 1445
1408 235
1408 1452
1408 1456
1408 1460
1408 1467
1807 1851
1807 1848
1807 1847
1807 1859
1341 489
1341 496
1409 1402
1409 1413
1409 226
1409 1430
1732 1800
1732 1823
1732 1816
1732 1868
1732 1732
1732 1733
1732 1846
1732 1874
1732 1647
1732 1878
1732 1744
1732 1802
1732 1782
1732 1781
1732 1779
2296 427
2296 1540
2296 2199
2296 2224
2296 2242
2296 509
2296 525
2296 2297
669 669
669 669
1197 1525
112 43
112 160
1203 1203
1203 1203
1765 1717
1765 393
1765 1745
1765 1756
1765 1799
1765 1805
1765 1829
1765 1855
1765 1865
1765 1765
2145 736
2145 1505
1201 445
1201 602
1201 1282
2394 2147
2394 2399
2394 1647
820 2281
709 708
709 932
709 1505
2065 1990
6 6
1081 1045
1081 239
1903 1895
1903 1903
325 387
325 322
325 323
325 525
325 344
325 325
929 1002
2215 2259
2215 2182
1028 348
1028 1066
1028 1077
1028 1029
1028 1598
807 713
807 1659
807 807
807 807
807 807
528 425
528 277
528 1525
528 457
528 475
528 476
528 509
528 624
1045 1024
1045 1165
1045 1081
1045 2057
1045 1164
1359 489
1359 1359
155 89
155 185
253 259
336 1635
336 1637
336 1647
336 1653
450 277
855 855
456 427
456 277
439 425
439 501
1586 1576
2337 489
2337 2337
2337 2337
676 661
676 668
676 673
676 155
1406 1401
1406 1444
1406 1445
1406 1465
1406 1465
1406 1466
1622 2112
1622 2130
1622 2134
1622 1621
1622 1643
1622 2384
1622 3
1622 1684
1318 489
1318 1318
1318 1318
1268 1717
1268 2399
2384 1654
2384 1653
1623 2112
1623 1643
1623 445
1623 1653
1623 1661
1623 3
2135 2215
2135 742
2135 2259
1616 1615
1616 713
1616 1640
1616 1659
1616 1662
1050 411
1050 2046
1050 1158
1050 1050
258 258
258 258
1601 1604
1601 1555
1601 1575
1601 1596
1601 1686
1686 890
1686 1617
1686 1619
1686 1666
1686 1683
1686 1601
1666 1617
1666 1625
1666 1626
1666 1664
1666 1682
2321 1638
2321 2384
2321 1150
2321 1684
2321 1685
1626 890
1626 1554
1626 1625
1626 1666
1626 1682
1626 1683
1651 1604
1651 890
1651 1619
1651 1664
1651 1666
1597 890
1597 1585
1597 1565
1298 17
1298 400
1298 1346
1298 174
160 14
160 391
160 27
160 43
160 1774
160 117
160 141
160 1468
1870 215
1870 1885
1870 471
1870 489
1364 434
1629 1654
1222 1381
869 869
1208 393
1208 982
1208 1208
1208 1208
1208 1208
1198 973
239 217
239 222
239 667
239 124
239 247
1015 1424
539 1888
523 1722
523 277
523 489
523 622
523 493
1642 445
847 843
1744 393
1744 1722
517 496
517 2374
482 391
482 43
482 464
482 479
482 488
482 496
482 458
1527 2330
1527 1628
1527 1658
1527 1643
1527 870
1234 1364
1558 1636
1558 1641
1558 1565
1600 1671
1826 1754
1826 1764
1826 1771
1826 1881
95 95
926 911
926 1444
926 1000
1223 1244
1223 1342
1223 1303
1223 1316
1223 1363
1223 1328
12 88
898 1653
2357 515
2031 2046
136 400
136 458
1067 1021
473 1467
908 682
2 7
2283 2098
1175 922
1175 1172
2404 399
2404 1493
2404 2401
2404 8
2404 9
2017 2017
2017 2049
2017 2054
764 386
812 220
995 325
1591 1591
1082 1143
1773 1767
1773 1788
1773 1799
1773 1805
1773 1815
1773 1840
1773 1737
1773 1865
1773 1773
2025 2005
2025 2046
2025 2065
2025 2026
2025 2074
1815 400
1815 410
1815 1745
1815 1749
1815 1765
1815 1855
1815 1865
1259 1299
1259 1340
1259 1259
1608 708
1608 2330
1608 275
1608 1637
1608 2104
1608 525
1608 1685
859 708
859 1509
859 1660
859 1527
859 859
859 859
1358 1236
1358 1261
1358 1291
1358 1330
1358 1337
1358 1338
1358 1358
1358 1358
1338 1331
1338 509
1835 1794
1725 400
1725 1725
1725 445
1725 489
1725 509
12 12
496 995
496 782
496 496
1284 1271
1284 1272
1284 1298
1284 1324
1408 1408
1310 1525
1310 1264
1310 1299
1310 1308
1310 1316
1310 1375
1310 2288
2182 1482
2182 1525
2182 1540
2182 476
2182 344
2182 2259
47 75
47 109
47 119
47 128
47 146
47 159
1959 209
1959 515
1959 1959
1263 445
1263 755
893 237
893 333
560 560
560 68
560 88
560 229
276 276
2185 2086
2185 2146
2185 526
1011 1011
1030 445
1855 1805
1855 1815
1855 1840
1855 1862
1855 1855
1855 1855
200 2147
200 1389
2390 285
2390 288
2390 10
494 388
494 418
494 299
494 451
494 1922
494 789
494 1840
494 521
494 451
494 451
894 997
1592 1632
1592 1567
1592 1575
1592 1601
1592 1575
1632 890
1632 1626
1632 1639
1632 1683
1632 1686
845 845
845 845
527 1641
527 2349
527 1653
527 1583
527 471
1255 1224
1255 1227
1255 1228
1255 1253
1255 1385
1255 1281
1255 1313
1255 1255
2194 413
1865 1716
1865 1717
1865 1718
1865 1805
1865 1815
1865 1840
1865 1855
1865 1865
1865 1840
1865 1865
20 1624
57 393
57 43
57 962
164 57
440 541
440 409
440 415
440 432
440 354
440 602
440 291
440 538
480 32
480 1493
480 88
1551 1553
1551 715
1551 461
2273 2092
2273 2272
2273 2275
2273 375
430 433
430 444
430 290
430 464
430 531
430 430
430 430
430 531
1644 1607
1644 1637
1644 1832
1644 1668
2383 696
2383 2159
2383 2291
916 916
263 254
263 263
263 263
2319 119
2298 1722
2298 2174
2298 2197
2298 2293
2298 2298
2298 2298
2298 2298
54 12
54 43
54 88
54 124
2297 2096
2297 2148
2297 1540
2297 2294
2297 2296
2297 2199
2297 2199
2295 2096
2295 2293
2295 2296
2295 2297
2295 2199
2295 2199
2292 2096
2292 2126
2292 2293
2292 2296
2292 2303
2292 2199
167 68
167 445
167 121
167 179
167 181
2027 2026
180 32
180 43
180 413
180 114
44 22
44 49
44 114
44 496
44 180
1241 1328
1216 602
1216 1216
1216 1216
1243 1348
172 43
172 445
172 92
172 181
64 15
64 68
64 88
64 116
148 17
148 23
148 393
148 58
148 1573
148 760
148 164
17 43
17 58
17 69
17 85
17 136
30 393
30 50
178 399
178 458
1292 1331
1292 1351
1224 1227
1224 1253
1224 1264
1224 1316
1224 1330
1224 1351
1224 1376
2290 459
2290 509
2290 2288
103 43
1333 1073
1333 1278
1333 1299
1333 510
1333 1350
1333 1350
2272 445
2272 2247
2272 2273
2272 525
2047 755
1327 405
2247 697
2247 445
2247 2272
660 235
191 191
191 191
174 400
174 43
174 525
2204 2106
2204 2127
2204 400
2204 489
2204 6
2204 2312
1136 1136
2192 2148
1239 602
1239 1229
1239 489
1239 1234
211 525
129 458
129 187
1605 304
149 476
2293 2096
2293 2148
2293 1540
2293 2199
2293 2224
2293 510
2293 2295
2293 2298
2293 2303
2293 2288
2293 526
2293 2199
2293 2199
952 882
952 1002
386 419
386 69
386 1571
386 464
386 471
386 472
386 483
386 310
386 851
1169 902
1169 489
2303 2096
2303 2148
2303 2197
2303 2199
2303 496
2303 2293
2303 2294
2303 2295
2303 2297
2303 526
2303 2199
2303 2199
1427 1413
1427 228
1427 235
1427 1452
1427 1465
1427 1467
1427 1468
1824 1722
1824 1824
1824 1824
1824 1824
963 437
882 952
1414 1403
1414 1412
1414 1573
1414 1434
1414 1446
1414 1448
1414 1471
1414 1472
1414 1475
1356 1232
1356 1333
1356 1350
1356 1360
1356 1350
395 61
395 75
2021 1979
2021 2023
2021 1302
1295 1086
1295 489
1295 1295
1295 1295
30 30
1447 1398
1447 1418
1447 1421
1447 226
1447 228
1447 1439
1447 1443
1447 1449
1447 1460
1447 1465
1447 1466
1447 1478
189 393
189 30
189 458
1258 1232
1258 1250
1258 1350
1258 1360
1258 1373
904 1621
904 733
904 962
1429 1412
1429 1430
1429 1466
1429 1468
1429 1480
1429 1430
903 2384
969 2384
793 708
793 1559
793 489
128 43
128 61
128 146
1213 1258
1213 1073
1213 1264
1213 1350
1213 1350
103 103
1472 1403
1472 922
1472 1445
1472 1446
1472 1448
1472 1459
1472 1475
1472 1476
1472 1476
2040 2041
2040 2043
2040 2053
57 57
180 180
1783 1716
1783 1717
1783 1745
1783 1767
1783 1882
1783 1840
1783 525
891 983
891 1002
1758 1807
1758 1886
76 43
76 69
76 120
76 124
76 76
141 14
141 400
141 117
141 496
141 160
449 440
449 136
449 505
449 619
1656 696
1656 405
106 400
106 69
106 68
106 436
106 167
345 323
345 334
345 340
84 113
84 153
84 161
1099 348
117 391
700 334
700 962
104 391
104 46
104 46
104 1412
104 84
104 84
104 104
104 113
104 117
104 153
104 161
53 433
53 525
2322 2319
2322 458
1503 1528
1538 1537
1538 1503
1538 1509
1533 1538
1533 1537
1533 1648
1533 1503
1528 1538
1528 1537
1528 1503
1528 468
850 932
850 848
2197 824
2197 2200
2197 2231
2197 509
2197 2270
2197 2296
2197 2315
2197 2197
2197 2197
987 962
66 27
66 43
66 68
66 85
66 116
66 493
66 183
127 43
127 682
1582 1598
1244 1223
1244 1342
1244 1303
1244 1316
1244 1330
1244 1352
1244 1143
1244 1328
1244 1328
1363 1219
1363 1293
1363 1342
1363 1328
1363 1328
230 69
370 357
370 235
370 375
857 713
28 393
28 160
1076 254
71 71
334 340
334 334
1154 1154
1079 1077
1079 941
1829 393
1829 1773
1829 1791
1829 1799
1829 1805
1829 1840
1829 1855
1829 1865
1829 1829
2222 2204
2222 399
2222 445
2222 2312
459 436
280 280
1311 856
1311 2393
1311 0
1491 1525
1491 1540
1491 493
1491 344
1491 526
351 1645
351 237
351 471
351 2364
2200 2148
2200 2159
2200 2197
2200 2315
2239 2176
2239 445
2239 2233
2239 2236
664 221
664 222
2238 2148
2238 2242
2238 2270
2238 2288
1124 1130
1124 972
940 1504
940 405
940 1492
940 283
940 998
940 682
886 960
2030 1995
2030 2010
2030 2074
2140 2123
2140 2116
2140 2132
2140 2133
2140 2136
2140 2139
2140 2143
2140 2186
2140 2206
2140 2231
2140 2288
2244 2127
2244 2136
2244 2273
884 1002
25 25
25 43
25 88
918 771
918 1636
918 1641
918 1012
918 526
429 1445
429 1467
429 648
2199 2090
2199 2148
2199 2197
2199 2224
2199 2295
2199 2297
2199 526
2199 2315
2199 2199
355 355
1742 1631
1742 1832
1313 1224
1927 1927
1653 1555
1653 1621
1653 1629
1653 1635
1653 1638
1653 1637
1653 1646
1653 1647
1653 1673
912 489
340 2288
340 346
340 340
441 61
441 136
441 515
441 515
1233 405
1233 489
1343 252
1343 471
1343 1343
1343 2076
1216 1216
1173 489
1173 1172
1173 1174
1173 1175
1173 1176
1173 536
477 424
477 436
477 1774
477 136
477 515
477 247
477 477
477 515
477 515
1724 1722
608 541
608 546
608 581
608 588
608 590
608 596
608 601
608 624
589 546
589 568
589 581
589 594
589 601
589 602
706 881
388 392
388 418
388 451
388 471
388 494
388 518
388 451
1895 1895
1895 435
1895 1903
2013 920
2013 2014
2013 2015
2013 2033
2013 254
2013 921
278 476
278 366
111 393
1151 437
1151 1073
1151 941
1151 1153
1151 1043
1151 1152
2035 2005
2035 2037
737 2135
737 526
737 2259
1668 2330
1668 433
1668 1648
1668 1660
1668 2104
1657 1607
1657 1637
1657 1645
1657 1647
1657 1660
284 269
284 272
284 304
284 304
284 304
2073 1999
10 272
10 448
10 288
10 304
10 304
10 304
2104 1607
2104 1
2104 1668
2104 1669
2104 525
2104 1685
173 173
310 393
310 708
310 419
310 445
310 1264
310 776
310 849
521 388
521 392
521 418
521 451
521 451
521 451
521 451
153 46
153 84
153 104
153 113
153 117
153 161
96 222
96 445
96 228
96 124
1649 1607
1649 2330
1649 1645
1649 1643
1649 1660
2026 2027
842 818
49 43
49 714
49 61
49 85
49 540
22 32
22 49
22 63
1308 562
1308 742
1308 475
1308 476
1308 1330
1308 476
1308 476
392 388
392 418
392 471
392 490
392 512
392 518
392 521
392 451
1307 1385
472 419
472 749
472 290
472 827
472 461
1335 1281
1335 1330
1960 1960
283 1394
283 960
1 1621
1 1643
1 1647
1 1653
1 851
1 1685
2317 1891
2317 352
1612 1643
1612 1647
1612 2104
1488 1487
1488 1506
1488 489
1488 682
679 683
2158 1630
2158 1631
2158 2268
2158 2280
1300 1300
596 553
596 582
596 631
596 639
2279 2136
51 88
51 464
1032 399
1032 1183
1577 445
1577 1574
100 186
100 696
100 63
100 69
100 653
100 663
100 124
100 100
41 41
1088 2046
1088 1598
1128 2
1128 1185
910 814
1297 1297
59 129
1735 1739
1735 1860
1171 1176
1171 1177
4 220
4 1645
4 1648
4 3
4 5
628 568
628 581
628 588
628 589
628 601
628 489
628 623
628 624
628 633
2053 2040
2053 2041
2053 2043
2053 2065
2053 2072
1290 1332
1091 489
1091 372
1091 1484
455 530
2160 2159
991 1370
1676 391
1676 713
1676 2157
1676 1576
1676 1652
1309 489
1965 1893
1965 1899
1965 1646
1965 1647
2061 2060
1847 1696
1847 1722
1847 1820
1847 1848
1847 1858
1847 489
994 445
994 805
994 819
1584 1567
1584 859
1584 1638
1584 1648
1584 1647
1584 1585
1584 1660
1584 1601
574 544
983 882
983 63
277 277
277 277
156 445
156 107
919 919
750 1470
750 747
750 1484
750 2316
1799 1745
1799 1765
1799 1789
1799 1882
1799 1805
1799 1815
1799 1838
1799 1840
1799 1855
1799 169
1799 1865
1799 1799
1799 1799
5 699
5 1646
5 1648
5 1663
5 3
5 6
5 1685
1320 1208
1320 1224
1320 1253
1320 1264
1320 1255
1320 1376
1972 1972
708 708
191 191
773 1535
773 773
231 221
231 223
231 445
231 234
231 682
231 247
1302 2021
1302 1302
508 418
508 1587
508 494
508 1832
508 512
21 21
1995 1995
194 32
194 1525
194 673
161 104
161 113
161 117
161 153
217 228
217 235
217 680
1374 393
1374 400
1374 1261
1374 1358
1374 1330
109 32
109 43
109 47
109 61
109 91
109 110
109 119
109 146
1272 1272
1272 1328
1272 510
1272 1352
58 71
1717 1717
2132 393
2132 2116
2132 2186
2132 2197
2132 2198
2132 2231
2072 2041
2072 2043
1342 1219
1342 1328
1342 1328
881 731
881 682
1941 489
1507 772
1593 893
1593 999
1348 1211
1348 1329
1348 1373
1348 1348
862 1493
862 322
862 1525
125 43
125 47
125 75
125 128
1108 2029
953 730
1161 922
1161 1141
1161 1176
2001 1995
2001 1996
2001 2000
2001 2002
2001 2030
1075 1074
1075 1084
775 775
2099 2099
1098 1098
1517 489
1628 393
1628 1621
1628 433
1628 1638
1628 1637
1628 1658
1628 1641
1628 1645
1628 1646
1628 1647
1628 1654
1628 1
1628 3
1628 1685
901 2049
2144 2340
2231 393
2231 2101
2231 2116
2231 2132
2231 2133
2231 2142
2231 2143
2231 2186
2231 2197
2231 2198
2231 2206
187 43
187 129
835 496
2150 2320
2150 445
2150 2197
114 496
160 160
1857 1772
1857 419
1857 433
1851 405
1851 510
1851 1758
1205 393
1926 1926
1926 1926
2391 2393
2391 2398
653 107
653 673
2393 2391
2393 2400
2393 1311
2393 0
339 1717
339 1722
339 489
311 1643
1879 1492
1879 489
1879 2373
1879 526
2002 1980
2002 1995
2002 1999
2002 2000
2002 2003
2002 2020
2002 2030
2002 254
2002 2049
2002 2074
2201 1
2074 254
2074 2046
2074 2049
2074 2066
2074 2075
1625 1617
1625 1626
1625 1639
1625 1651
1625 1664
1529 323
1529 2390
1529 304
2108 1587
665 393
665 31
665 235
665 239
1866 411
1375 1214
1375 405
1375 1317
1375 1330
1375 1375
1375 1375
1761 1716
1761 445
1761 1853
452 458
2084 2176
2084 2237
1324 1331
1324 1382
1324 1331
1324 1331
1754 1826
1754 1850
448 269
448 408
448 1645
448 1646
448 1587
448 271
448 288
448 10
448 304
448 304
448 304
1672 1621
1672 1670
1672 1527
404 400
1852 1797
1852 1798
1852 1861
1852 1860
793 793
1723 1832
2007 1434
2007 1444
2007 2066
2007 1478
1798 1722
1798 405
1798 1811
137 668
1138 1125
1138 489
2078 2245
407 1718
407 1815
2193 2080
2193 400
2193 525
397 397
2254 2288
2254 526
2254 2288
1887 393
1887 1813
1817 1757
1817 1817
513 530
2400 2391
2400 2393
2400 2395
2400 2398
1052 1052
1052 1093
1052 1052
1052 1052
0 399
0 2393
2398 2391
2398 2395
1329 1208
1329 1274
1329 1329
1329 1329
171 43
171 411
171 69
171 147
171 165
672 43
672 218
672 226
672 124
1286 1208
1286 1310
1286 1286
2036 2005
2036 2035
2036 2037
2036 2074
1378 1247
1378 933
2014 2004
2014 920
827 715
827 1571
827 797
1125 895
1125 1075
2237 2176
2237 445
2237 2243
2090 2139
2090 2172
2090 2199
2090 2224
2090 2296
2090 2297
2191 2191
2191 2288
2195 1621
2133 2116
2133 2132
2133 2138
2133 2140
2133 2142
2133 2231
1399 1407
1399 1465
1399 1467
1916 493
214 238
240 242
2148 2148
479 544
479 247
1682 1639
154 140
154 157
1209 1372
1463 236
1463 244
1074 1075
1074 489
1074 1201
1074 2288
170 104
170 458
659 659
732 732
1041 489
290 277
2142 393
2142 2126
2142 2127
2142 2138
2142 2139
2142 2186
2142 2213
2142 2270
1415 1408
1415 1413
1415 233
1415 1450
1415 1466
1415 1467
1415 244
1415 1480
924 932
924 2291
2119 2119
2005 2005
784 784
227 227
350 350
199 457
199 476
199 346
199 199
1288 1316
1288 1352
1757 1773
1757 1817
1757 1840
1757 1757
1757 1757
1811 1739
1120 1843
1231 1345
1231 509
1231 1231
1231 1231
2138 2087
2138 2140
2138 2143
2138 2186
2138 2186
2138 2197
2138 2213
2138 2231
1495 411
1749 471
1749 1840
1749 1880
120 24
120 393
120 43
120 52
120 69
120 117
780 780
1395 1387
203 489
601 553
601 568
601 569
601 582
601 586
601 588
601 589
601 590
601 608
601 628
601 639
1620 1641
1604 119
1604 471
1604 490
1604 1601
2369 2344
2369 975
2369 2380
343 696
343 63
343 343
159 32
159 47
159 61
159 91
159 119
159 146
159 509
1769 1797
1769 1830
1220 1229
1683 890
1683 1626
1683 1632
1683 1686
2127 2204
2127 2304
2127 2136
2127 2270
2127 2273
2010 2010
993 266
993 816
993 525
993 851
993 993
993 525
1853 1717
1853 1805
1853 1829
1853 1832
1853 1865
1853 1853
3 3
1361 1385
1361 1300
2038 254
2038 2038
2038 2038
771 405
771 1637
771 808
771 729
771 1492
771 781
771 1
771 711
465 393
465 465
1371 1277
1371 1379
1519 1492
2364 2330
2364 2384
1994 1994
1880 1749
1880 445
1880 1787
1880 1831
1880 1838
1899 1717
1899 1893
1899 1745
1899 1965
1058 1121
1875 1716
1875 445
1875 1783
1737 1716
1737 1745
1737 1813
1737 1829
844 844
874 874
93 14
93 393
93 43
93 458
93 93
131 131
2169 400
2169 5
1221 776
2105 2110
2105 2141
2105 2159
261 261
573 570
573 575
1670 1
1670 1673
1670 1684
2304 2103
2304 2244
2304 2270
374 708
575 1412
575 571
575 573
1821 1794
1474 696
1474 1412
1474 1436
1474 1434
1474 1445
1474 1465
1474 2360
1474 1478
1667 445
1971 1970
1971 2005
1971 254
1971 2060
1855 1855
1741 445
570 409
570 1412
570 575
570 540
570 570
489 425
489 434
489 435
489 1654
489 475
489 1330
489 489
271 269
271 270
271 285
271 272
271 2403
271 304
271 288
271 304
271 304
2113 2113
1930 1931
1930 1932
1932 489
1932 1930
2386 1573
2041 2040
2070 2065
1254 1385
1254 1385
1254 1385
132 445
132 124
1385 1385
1831 1717
1831 1764
1831 1815
1831 1826
1831 1828
1831 1838
1831 1840
2042 2040
2042 2041
2042 2053
2176 2233
2176 2239
2176 2241
379 1097
379 489
342 326
342 322
342 322
1326 1326
469 544
469 469
469 481
453 411
544 2081
544 279
544 476
544 493
1973 2045
941 1151
941 445
941 1153
941 1152
1154 348
1154 90
1154 941
1154 1043
1154 1152
1377 445
1377 1331
1377 1350
1526 1504
431 277
1379 1247
1379 416
1379 668
1379 1234
1379 1379
1379 1379
988 988
742 43
742 2359
742 509
742 476
742 476
742 476
1764 393
1764 1771
1617 1664
1617 1666
1617 1682
1617 1686
266 713
266 445
266 292
2176 2176
1967 1412
1967 1967
1345 489
1345 972
1345 1345
1419 1419
2233 2233
847 847
1806 1878
418 1746
418 451
418 494
418 1673
418 521
418 6
418 451
418 451
321 321
831 708
677 663
1240 393
1240 1353
1240 1348
1240 1348
553 542
553 552
553 554
553 557
553 559
553 578
553 586
553 588
553 596
553 601
553 631
1014 1014
207 509
552 553
552 555
552 557
552 591
552 622
552 634
552 638
279 544
279 2081
279 1928
279 509
1836 476
1836 1326
1392 651
1392 667
1392 680
588 581
588 586
588 596
588 601
588 608
588 628
2165 1615
2165 2158
2165 344
1920 1921
1920 1961
1064 1064
2115 1675
1287 1208
1287 1036
1287 1087
1287 2046
2251 509
2251 2270
505 32
505 409
505 75
505 440
505 449
505 536
1293 1223
1293 405
1293 1342
1293 1303
1293 1340
1293 1363
923 923
1854 411
1854 471
966 66
966 1095
966 183
2131 2131
2245 2078
2245 445
1991 1986
1991 2048
1991 1598
1179 425
1179 445
1179 489
1179 509
1881 1764
1881 1771
1881 1850
1976 509
255 255
412 496
2288 2288
1202 1028
772 772
1239 1239
705 771
705 805
705 819
561 396
561 397
561 196
561 464
561 619
561 624
561 531
545 555
462 397
462 290
462 461
462 962
546 546
546 547
546 555
546 568
546 641
546 624
2049 2049
730 445
730 489
1357 1330
2005 2005
1522 1024
1522 1166
711 751
711 153
711 1530
714 714
792 300
792 304
689 1498
834 3
1227 1227
753 826
1734 1769
1156 61
1156 2013
1156 2014
1156 2015
1156 2033
1156 254
1156 1156
70 52
70 69
70 70
70 70
810 775
810 839
335 1722
335 1746
335 323
335 489
335 335
1152 348
1152 1151
1152 1628
1152 941
1152 1043
2308 2107
97 97
1153 348
1153 1151
1153 941
1876 1772
1876 464
1876 515
2251 2251
2060 2060
1043 348
1043 1151
1043 1153
1043 1152
727 933
324 324
324 324
201 510
201 185
1516 244
1516 526
2003 1999
2003 1996
2003 1997
2003 1998
2003 2000
2003 2001
2003 2002
2003 2020
2003 2030
2003 2073
1036 1036
3 3
1508 708
1508 1525
1508 449
1508 1509
2058 2058
2019 1412
2019 1445
2019 2049
2019 1466
2019 2074
1354 1247
1354 1332
1354 1290
2280 2165
2280 2307
1772 396
1772 1753
1080 2390
1410 1412
1410 1420
1410 1423
1410 1428
1410 228
1410 1434
1410 1442
1410 1444
1410 1446
1410 1453
1410 1467
1410 1478
632 568
632 569
632 623
632 624
1023 1022
1023 391
1023 1033
1023 1089
592 568
592 569
592 593
592 598
592 600
592 603
592 645
389 236
1237 1237
1237 1237
2248 708
2248 2296
1027 1071
865 476
2006 181
1415 1415
382 31
382 218
1227 1224
1227 1320
1283 1253
1283 493
1283 1373
1283 344
1283 1373
1621 1621
415 1408
415 75
415 440
415 505
883 990
883 990
883 915
1112 1112
972 972
2150 2150
387 325
387 445
761 396
761 419
761 1571
761 461
761 483
761 827
761 461
1990 2046
1990 2065
1990 2066
392 392
1771 1826
1771 1850
1771 1881
2061 2061
656 393
361 362
361 372
361 526
2397 708
2397 433
2397 2391
2397 445
2397 461
2397 464
1457 1398
1457 1400
1457 1407
1457 1417
1457 1423
1457 1430
1457 1435
1457 1440
1457 1459
1457 1460
1457 1465
1457 1479
1457 1434
1457 1434
1459 1414
1459 1439
1459 1448
1459 1457
1459 1476
1458 1398
1458 1430
1458 1439
1458 1446
1458 1475
1267 1314
590 577
590 581
590 628
590 526
1665 1638
1665 1647
1665 1609
1370 405
1370 1573
1370 991
2106 393
2106 445
2106 6
2106 2312
2234 393
755 755
2314 393
2314 2216
2314 2202
2374 2374
1150 2321
1150 968
1065 12
1065 1201
1065 1206
2004 2013
2004 2014
2004 2015
2004 1262
2004 2033
2004 921
2013 2013
1285 1285
1291 1236
1291 1261
1291 1270
1291 1337
2376 2098
2376 2106
2376 708
2376 1648
2376 6
647 568
647 593
647 2288
647 647
2252 2094
2252 2148
2252 2197
2252 2290
506 432
506 207
988 988
1915 526
507 393
507 507
537 411
537 445
443 394
443 47
443 146
829 723
829 808
829 774
829 819
829 720
520 396
1433 1398
1433 1404
1433 1407
1433 1411
1433 1412
1433 1414
1433 1416
1433 1417
1433 1420
1433 1423
1433 1573
1433 1436
1433 1435
1433 1445
1433 1457
1433 1458
1433 1466
1433 1467
1433 1472
1433 1478
1433 1479
1433 1465
1433 1434
1433 1465
645 569
645 592
645 603
645 607
645 610
645 624
1103 1193
2019 2019
1901 1637
1285 1285
1285 1285
826 445
826 445
767 1587
767 767
92 73
92 88
92 116
92 489
92 179
92 181
518 388
518 418
518 1753
518 299
518 1281
518 1101
518 471
518 490
518 494
518 367
518 512
518 451
518 451
2265 2148
2265 2170
2265 2174
2265 2230
2265 489
2265 2264
2265 2266
503 713
1696 1689
1696 1851
1696 405
1696 1859
1559 1559
1532 1487
1532 1506
1532 735
1532 1488
281 200
2116 2087
2116 2133
2116 2138
2116 2140
2116 2148
2116 2186
2116 2197
2116 2213
2116 2240
2022 2005
2022 2020
2022 2077
762 1445
762 307
762 1467
762 818
762 623
1199 1199
1199 1199
2034 2034
424 422
424 423
424 477
424 515
424 423
424 477
424 477
11 66
102 458
102 116
102 458
2032 2074
2092 2093
2092 2124
2242 2197
2242 2238
2242 2270
2242 2297
313 458
313 458
2275 2092
2275 445
2275 496
571 573
571 575
571 244
571 648
1983 2013
1983 2014
1983 2015
1983 1262
1983 2016
1983 2033
422 424
422 1498
422 515
422 423
476 476
1693 1691
1693 1785
1692 1691
1692 1785
1692 445
1031 1166
1031 1080
48 16
48 63
48 167
48 179
2033 2016
2033 921
1890 956
841 435
841 841
572 68
599 558
599 593
599 607
1372 1209
1372 1316
1372 1351
1335 1335
316 393
316 346
203 203
555 553
555 556
555 557
555 569
555 582
555 595
555 602
555 624
88 88
1531 960
1531 526
1939 1495
2120 2181
203 203
1748 1748
1489 1540
1489 1490
914 489
914 848
914 682
2364 2364
1101 1101
2216 2163
2216 400
2216 1647
2216 2314
2315 2126
2315 2224
2315 2242
2315 2315
2315 2315
2015 2004
2015 920
2015 2014
2015 2015
2015 1262
2015 2016
2015 1156
2015 921
748 489
748 536
748 540
937 1003
2310 393
2310 1647
2310 2312
2256 445
2313 2312
2050 1465
2010 2010
2285 393
2285 2330
2285 2228
888 1713
888 1390
2373 2373
1819 1717
1819 1722
1819 1726
1819 471
1819 1840
861 411
802 391
802 765
802 703
715 797
715 827
824 458
2261 2330
2261 1647
2261 6
95 95
157 154
917 998
917 682
998 489
998 967
998 961
2171 393
2171 411
2168 6
925 960
2232 393
2232 2106
2232 708
2232 2330
2232 411
2232 1647
2232 445
2232 2312
2228 393
2228 2285
2228 6
696 696
2205 393
2205 411
1756 1805
1882 1763
1882 1840
1882 1853
1882 1783
2124 2092
1367 750
1678 5
293 275
2071 1974
2071 2010
2071 2069
1889 1889
1743 1743
1210 405
2122 401
2122 1525
2122 2218
2122 525
1483 458
1086 1194
1086 1144
1918 1918
1716 1716
703 1643
703 489
703 509
1856 1716
1856 1718
1856 1829
1856 1783
1093 1149
1669 1648
1669 1647
1669 2104
1669 1668
1200 960
1200 1264
1218 1218
557 545
557 547
557 552
557 559
557 526
2219 2119
2219 2159
2219 755
2219 2312
2219 2219
1092 1092
1277 1277
65 181
1073 1024
1073 90
1073 1095
1073 489
1073 1175
1073 1190
109 109
1919 760
1919 1946
1919 1947
1689 1696
1689 1859
1838 1718
1838 1789
1838 1799
1838 1829
1838 1799
1838 1799
603 554
603 592
603 593
603 600
603 606
603 607
444 290
444 484
1157 1157
1157 1344
212 212
212 212
2330 2330
1977 2005
484 444
484 290
484 531
1224 1224
620 560
942 696
1094 1165
1094 1166
1094 1102
2043 2072
542 542
542 624
542 526
813 1727
813 411
1332 1354
1432 1412
1432 1421
1432 1444
1432 1464
1432 1466
1432 1467
1432 1478
1432 1424
1432 1424
1051 1165
1051 1166
1051 1105
1051 1102
1347 1275
2134 2112
2134 2130
1164 436
1164 1166
1164 1045
1164 1081
1164 510
1164 1163
1164 2057
2394 2394
1751 400
184 21
184 445
2385 445
607 558
607 603
607 476
607 645
107 107
358 228
358 370
358 242
1514 1514
1360 1213
1360 1333
1360 1356
1360 1350
2024 1598
576 576
357 425
357 358
357 235
357 242
357 375
196 396
196 561
196 461
196 483
813 813
1204 1166
1834 1732
1834 1750
1314 1314
1750 419
1750 1834
1750 1876
796 713
796 818
948 405
948 489
985 1621
985 971
1376 1224
1376 1227
1376 1253
1376 1320
1740 1722
1740 1860
1740 1739
1000 911
1000 928
1903 1903
898 898
1974 1022
1974 1974
1974 2010
1974 2049
1780 1641
1317 1261
1317 1330
1317 1375
1042 1165
1940 375
1728 1823
102 102
1992 445
1228 1227
1228 1253
1228 1313
1228 1316
1228 1351
1228 1376
1274 1251
1274 1319
1274 1329
1274 1330
1274 1329
1274 1329
2263 2264
2263 2265
2263 2170
73 15
73 68
73 90
73 116
73 118
73 124
73 167
73 181
2055 393
166 123
166 63
318 318
318 69
318 445
318 602
318 864
2389 526
2117 2117
800 713
2264 2187
2264 2223
2264 2230
2264 2263
2264 2266
2264 2223
2264 2223
2010 2010
2371 2337
2371 299
2371 2355
1310 1310
2266 2187
2266 2223
2266 489
2266 2266
370 370
358 358
1438 1405
1438 1406
1438 1412
1438 1445
1843 1723
1843 1350
1843 1356
319 318
319 696
319 864
319 1832
319 509
1721 393
1721 1816
1721 1733
1721 1873
1721 1802
1721 1812
1721 1721
1188 1172
1188 1173
1188 1174
402 513
402 1684
105 105
13 393
13 489
13 818
1843 1843
1044 1196
238 235
1215 1358
1820 1689
1820 489
1105 1166
1105 1110
1105 1102
1985 489
1985 1330
1985 509
740 2135
740 1504
740 648
2048 2048
1106 1218
1106 1165
1106 1166
1106 1114
504 388
504 922
504 471
504 512
504 451
504 451
1196 393
1196 1044
1196 434
1056 489
1056 1832
1056 1143
1056 1196
2094 708
249 2074
2023 1995
2023 1171
2023 2021
2023 2022
2023 1302
199 199
720 2330
720 774
720 2104
2011 2051
2220 2101
2220 708
2220 2404
2220 489
2220 344
1923 205
2162 393
2162 1638
2162 445
2162 2312
2162 2151
168 68
168 167
1972 254
541 583
541 602
541 624
1085 1028
1085 1158
1085 1085
1337 400
1337 1358
1337 1265
1337 1358
1270 1358
2300 2301
1436 1436
885 885
885 885
885 885
2184 2176
2184 445
2184 1104
2044 2005
2044 2046
2044 2066
1 1
2023 2023
162 23
162 393
162 139
162 173
2045 2065
2145 2145
191 191
1004 1006
1004 1008
746 1639
1797 400
1797 1852
1797 1860
1797 1832
1736 393
1736 1837
1736 1846
1736 1873
1736 1803
1752 1823
1752 419
1752 1784
1752 1732
1752 1802
1752 464
1752 1721
1802 1823
1802 1846
1802 1873
1802 1874
1802 1752
1802 1782
1802 1781
1802 1779
1802 1812
1802 1721
1823 393
1823 1732
1823 1733
1823 1846
1823 1874
1823 1802
1823 1803
1823 1782
1823 1781
1823 1779
1823 1721
1784 1878
1878 1784
1878 1877
1877 1722
1877 1878
1845 1807
251 254
251 2040
2049 2049
2401 2393
988 988
1061 393
1061 1128
1524 1524
1195 445
1195 1369
1195 996
371 371
1534 1512
98 16
98 68
2037 2035
2037 2036
2037 2074
554 553
554 554
554 624
1025 471
529 57
529 79
2278 2245
1726 1718
1726 1765
1726 1832
1726 1855
1726 1819
1487 1509
1487 1500
1087 1087
1970 1972
1970 1573
1970 2016
1970 254
1786 344
204 194
204 602
204 2288
150 43
285 269
285 408
285 2390
285 1525
285 1126
285 304
285 304
285 304
1981 1981
1677 890
970 1621
970 1572
970 760
970 971
970 969
1362 515
489 489
1069 1716
1069 2330
135 68
135 92
135 118
135 168
1068 489
24 24
1365 1365
2088 2097
2088 2197
2236 2237
2236 2239
2236 2243
1762 1825
1869 1794
1869 1860
2062 1087
2062 1141
2062 2063
1289 489
1289 1245
193 489
1924 1923
1181 1097
1181 1181
1134 480
2240 2087
2240 2123
2240 2116
2240 2138
2240 2140
2240 2142
2240 2143
2240 2148
2240 2186
2240 2197
2240 2198
2240 2206
657 657
1331 1331
895 895
895 895
982 982
1348 393
1348 1348
118 68
118 168
1329 1329
1722 1722
1700 1709
1700 393
1948 1944
1948 1946
1948 1946
678 52
678 659
678 679
678 678
678 678
1652 1676
7 399
7 2330
7 2404
7 8
1898 1901
1898 471
1156 1156
1273 1273
2157 1616
2157 2115
2157 2159
2157 1659
2157 1676
855 855
2181 2120
2181 457
1127 1717
1127 922
163 31
163 397
163 400
163 185
1236 1358
1236 1270
1236 1358
275 1637
275 525
1929 1935
1929 1936
1929 1937
751 766
751 723
751 729
751 774
751 819
751 829
751 711
549 548
549 549
549 624
548 548
548 549
548 569
548 598
582 555
582 589
582 590
582 602
582 608
582 628
1942 2364
661 657
2114 736
2114 2114
1489 1489
2111 445
2111 2309
1319 1246
1319 1329
1319 1329
2005 2005
535 1498
535 513
555 555
1190 1164
971 1621
971 1654
1550 1535
1102 1051
1102 1094
1938 825
1999 1999
584 541
584 569
584 581
584 583
582 582
2269 393
2269 2330
2269 1648
1527 1527
1217 1276
1837 1823
1837 393
1837 1722
1837 1727
2325 451
144 80
144 136
2118 2309
1978 1995
1978 1999
1978 2000
1978 2001
1978 2002
1978 2003
1978 2020
1978 2023
143 43
2402 2401
2402 1832
2402 6
860 561
860 196
860 749
860 331
860 464
860 827
524 395
524 277
1251 393
1251 1274
1251 1319
1251 1329
1251 1329
1251 1329
652 736
1402 1402
1989 2060
1383 1047
851 851
1428 1398
1428 1410
1428 1411
1428 1412
1428 1416
1428 1434
1428 1439
1428 1444
1428 1445
1428 1449
1428 1460
1428 1461
1428 1475
1428 1478
1428 1465
1442 1398
1442 1434
1442 1439
1442 1442
1442 1443
1442 1449
1442 1457
1442 1458
1442 1461
1442 1475
1442 1465
267 2393
1180 1166
1180 602
1485 489
202 457
202 509
2396 2396
233 233
990 990
514 32
514 47
514 88
514 619
2377 733
2377 2364
279 279
1303 1342
1303 1328
1303 1328
1303 1328
1135 489
1135 509
1868 1772
1868 1823
1868 393
1868 2098
1868 1736
1868 1727
1868 1846
1868 1873
1868 1874
1868 1779
1868 1721
2002 2002
2375 2375
2270 1638
2270 2186
2270 1540
2270 2296
421 277
2157 2157
1997 1997
754 489
1140 1170
1979 1978
1979 1999
1979 1998
1979 2000
1979 1421
1979 2022
1022 895
1022 334
2255 445
2255 2209
2029 1108
1613 410
2331 1583
1054 1108
559 546
559 555
559 568
559 581
559 596
559 493
559 626
559 630
559 637
559 624
2005 2005
602 555
602 400
602 1086
602 457
602 581
602 582
602 584
602 588
602 589
602 590
602 595
602 611
602 625
602 624
602 602
1816 2098
1122 1056
1451 1398
1451 1402
1451 1407
1451 1419
1451 1419
1451 1425
1451 228
1451 1433
1451 1443
1451 1444
1451 1446
1451 1460
1451 1465
1451 1466
1451 1471
1451 1476
768 866
91 47
91 61
91 110
2100 2088
2100 2097
2100 2126
2100 2139
2100 2148
2100 2218
2100 485
2100 496
733 733
305 269
305 1638
305 445
305 288
305 10
305 10
305 304
305 304
1566 1640
1018 1005
1018 221
1018 1008
1970 1970
1206 1065
1719 411
1719 2392
1719 1797
1242 489
1242 526
270 270
270 285
270 272
270 448
270 2403
270 304
270 510
270 271
270 288
270 304
270 304
1884 346
1729 1739
1841 1716
1841 1717
1841 1773
1841 1788
1841 1773
1800 1837
1800 1816
1800 682
1461 1398
1461 1411
1461 1434
1461 1439
1461 1443
1461 1444
1461 1457
1461 1461
1461 1475
1461 1476
1461 1465
1461 1465
94 393
94 31
94 88
758 758
534 403
534 420
2009 254
1225 1264
1325 1247
1265 895
1265 1374
395 395
2127 2127
611 542
611 556
611 582
611 609
611 625
1168 1145
338 1390
338 992
783 509
648 1412
648 1467
337 343
356 476
356 489
356 242
823 704
1545 887
1545 1646
1545 931
1545 955
1545 341
495 41
495 47
553 553
547 547
2052 696
2197 2197
347 2356
756 526
988 988
1182 1865
2377 2377
973 973
1390 1390
223 1401
223 69
223 228
223 124
223 235
29 393
29 43
960 960
1714 1714
1714 393
1714 445
1070 509
1070 1108
738 393
2397 2397
122 526
417 388
417 418
417 471
417 494
417 512
417 518
417 521
417 451
1946 1948
797 715
797 761
797 794
512 388
512 397
512 451
512 1922
512 471
512 1587
512 521
512 451
1568 696
175 68
175 73
853 458
853 295
853 853
295 853
295 458
295 208
646 568
961 967
961 682
583 555
583 568
583 581
583 584
583 596
583 583
1060 951
1060 489
2246 1540
2246 525
2246 1484
1191 1033
1191 1094
2020 1995
2020 1434
2020 2022
2020 1302
644 624
598 548
598 592
598 593
598 603
598 493
598 624
1996 1996
1227 1227
610 624
610 645
1541 1498
1541 485
488 488
2097 2088
2097 393
2097 2100
2097 2126
2097 2139
2097 2164
2097 2197
158 43
260 2049
260 260
1493 1493
1016 1016
724 724
1306 1344
1219 1223
1219 1303
1219 489
1219 1328
1691 1692
1691 393
1691 1785
1691 445
594 595
848 848
2403 270
2403 2390
2403 272
2403 271
2403 288
2403 10
2403 304
1062 1021
1062 1055
1105 1105
1506 1487
1506 1500
1083 1094
1083 1191
2055 2055
2055 2055
2055 2055
580 555
580 568
580 585
580 648
478 1573
2049 2049
587 568
1540 1397
1540 1504
1540 708
1540 1492
1540 489
1540 1515
1540 525
1540 344
1540 1505
1540 1484
1540 2316
795 708
795 561
795 433
795 196
795 749
795 787
795 827
2399 2399
330 63
330 334
330 346
330 334
501 467
487 1805
833 715
833 718
833 461
833 827
833 461
578 580
578 586
578 588
578 596
578 601
2023 2023
378 1573
378 471
378 383
378 525
378 383
2328 237
1543 119
617 555
617 569
617 602
617 625
617 624
557 557
1808 393
595 568
595 582
595 602
595 611
609 555
609 569
609 595
609 611
559 559
741 1525
741 489
741 496
585 553
585 569
585 580
585 586
1873 1823
1873 2098
1873 1736
1873 1868
1873 1874
1873 1802
1873 1803
1873 1779
1873 1812
1873 1721
1989 1989
2363 427
2363 1525
2363 2404
2363 2358
1780 1780
542 542
765 2159
765 1149
765 703
765 802
2203 2223
2203 2266
2203 2203
1511 1498
1822 393
1822 1809
1822 445
1809 393
1809 1822
2056 2049
314 602
1862 1805
295 295
1699 265
1699 1786
1699 602
1699 493
1699 340
1699 346
958 916
1844 1687
1844 1832
1214 405
1214 1317
1214 1375
1214 1375
1214 1375
171 171
2319 2319
712 719
712 526
1864 413
1872 1872
288 269
288 285
288 272
288 448
288 489
288 304
288 304
288 304
223 223
671 671
272 269
272 408
272 448
272 99
272 10
272 304
272 304
272 304
2333 2324
992 393
992 999
992 932
992 327
256 256
696 696
1680 405
1680 1573
1945 1945
1284 1284
1270 1270
2339 2320
1084 988
555 555
1187 1036
2229 1525
702 2254
2028 254
2028 1177
423 424
423 1641
423 441
423 477
423 515
423 515
423 515
423 515
1688 1690
1688 1717
1688 1718
1688 1647
1688 1815
1688 1829
1688 1831
1688 1853
1389 200
1618 436
1618 3
1738 1646
1211 1211
182 30
182 43
182 147
182 165
74 43
74 144
294 435
294 334
294 682
2112 2112
1900 493
2393 2393
1590 489
1590 624
2029 2029
466 1902
466 533
701 701
1828 1717
1828 471
1828 1831
1828 1865
2018 1398
2018 1412
2018 2018
1158 1085
1158 1050
1158 1927
806 391
806 808
1968 2074
1129 960
1129 1063
1173 1173
649 649
723 393
723 705
723 76
723 757
723 808
723 729
723 805
1967 1967
2243 2176
2243 2222
781 766
781 723
781 1637
781 808
781 729
781 751
781 805
781 819
781 711
803 391
803 723
803 757
803 1647
804 1627
804 866
804 804
804 1530
1019 190
1019 673
37 393
138 496
819 391
819 393
819 723
1058 1058
1980 1980
533 129
533 146
2013 2013
2063 1141
2063 1176
2063 1177
34 36
34 39
34 89
34 87
257 257
1115 1116
1115 154
1115 682
1115 1115
1026 1168
1599 461
1599 1599
256 256
2085 393
2085 2124
2085 458
2085 510
2085 2270
2085 2288
854 1525
854 1540
854 747
854 877
854 2316
413 391
413 393
328 358
328 370
2250 445
2250 1464
438 43
701 682
1897 489
258 258
1494 334
638 569
638 591
638 605
916 916
2218 2088
2218 2097
2218 445
2218 2186
2218 2226
2218 2238
2218 2296
1021 1062
1021 1110
121 16
121 654
121 88
1537 1533
1537 855
1537 1503
984 984
1936 489
1936 1929
739 1521
1247 475
1247 1247
1247 1247
569 568
91 91
1935 922
777 304
393 2098
393 397
393 1732
393 79
393 2392
393 445
393 2194
393 485
393 2312
1248 1310
1248 489
1235 1235
1235 1235
591 552
591 634
591 638
631 553
631 578
631 586
631 601
631 624
1888 1814
863 602
1164 1164
1212 1256
1212 1330
1212 927
1212 1322
1256 1256
979 979
619 458
619 488
619 496
619 514
1351 1351
685 393
1519 1519
735 719
735 1532
735 1487
735 526
735 1500
2177 2122
2177 405
2177 411
2177 1509
1614 525
832 1551
832 718
832 718
832 749
832 461
832 797
832 2387
349 228
2074 2074
1008 1008
1860 1860
1352 1352
617 617
1427 1427
2362 2362
316 316
2155 2155
2155 2197
2155 2233
14 393
14 90
14 117
14 141
1465 1465
134 69
1464 1424
1464 1474
1464 525
1464 1481
830 406
830 2
830 830
830 792
707 445
1839 1722
984 435
745 419
745 718
745 718
745 761
745 483
745 849
745 310
745 827
745 833
745 745
1326 1261
1326 602
1326 1326
2075 393
2075 1722
2075 475
2075 2074
2075 2075
1114 1114
297 1573
297 851
1107 1107
1195 1195
1086 1086
170 170
974 974
1539 2102
1539 2196
1539 2286
1539 2249
811 695
811 1005
811 722
811 445
811 788
2373 1478
921 920
921 2015
921 2033
1570 1629
1570 1578
1760 493
301 447
301 471
1059 1156
1850 1850
1256 1212
1256 927
1256 1322
1113 1113
2064 1316
2064 1331
36 34
36 39
2282 2250
1654 1629
1654 1641
1654 1643
1654 3
273 273
2367 489
286 733
45 45
1928 2081
1563 1562
269 408
269 448
269 304
269 305
269 304
1417 1417
1433 1433
1767 1767
1044 1044
1581 1685
1166 1166
629 569
629 628
629 624
1192 1064
1192 1130
1192 967
1192 1164
1192 1190
196 196
2011 2011
1146 960
2358 2358
1148 348
1148 526
2133 2133
222 223
222 124
380 218
1805 1718
1805 1773
1805 1815
1805 1840
627 569
627 623
627 624
627 526
1232 1213
1232 1258
1232 1330
1232 1350
1232 1360
1232 1350
266 266
2320 708
2320 433
2326 1645
2356 2356
2335 471
2349 1660
2349 2326
2349 2364
2354 2330
2361 2366
2361 2364
2360 90
39 34
39 36
39 37
639 553
639 631
639 624
557 557
1634 1
1801 6
838 734
838 307
838 814
838 818
838 373
1037 489
312 312
38 124
1933 526
1934 1933
1404 1398
1404 1410
1404 1416
1404 1430
1404 1434
1404 1439
1404 1443
1404 1445
1404 1446
1404 1457
1404 1458
1404 1461
1404 1476
1404 1478
1404 1465
586 569
586 588
586 601
586 639
259 253
1863 1755
2167 696
2167 1614
2167 1615
2167 2158
2167 2165
40 393
40 43
819 819
1048 1040
1048 489
1048 1170
1832 1832
1100 708
540 540
130 130
1641 1641
1544 686
1544 1544
2179 400
2179 2312
1092 416
1092 972
316 316
157 157
990 990
747 854
1843 1843
408 269
408 272
408 448
408 304
408 408
1091 1091
1767 1767
1795 400
2291 2291
2051 908
2051 2012
420 403
420 47
420 426
420 1525
420 88
420 146
1660 1660
1278 1258
1278 1350
1278 1360
1278 1350
1278 1350
1944 1946
1633 890
1633 1574
2381 2359
1579 804
1966 445
1966 1966
892 510
892 308
892 997
475 1722
475 425
475 562
475 445
475 742
475 457
475 476
475 1308
475 489
475 510
475 623
475 476
475 476
1861 1794
1861 1852
1861 1861
653 653
633 628
1420 1398
1420 1407
1420 226
1420 1441
1420 1443
1420 1444
1420 1445
1420 1447
1420 1449
1420 1465
1420 1467
1420 1471
1420 1475
1420 1476
1420 1478
1420 1465
2136 2304
2136 2122
2136 2126
2136 2270
1910 393
1456 1456
171 171
879 526
1036 1036
2198 393
2198 2186
2198 2197
1260 1286
1260 1260
913 1573
1386 1401
55 23
2368 2373
698 436
1551 1551
1066 936
1066 1170
1411 1398
1411 1403
1411 1412
1411 1414
1411 1416
1411 1423
1411 1428
1411 1439
1411 1442
1411 1443
1411 1444
1411 1448
1411 1449
1411 1457
1411 1458
1411 1460
1411 1461
1411 1465
1411 1472
1411 1476
1411 1478
1411 1465
605 552
605 569
605 589
605 591
605 624
80 43
80 50
80 97
80 104
80 140
1836 1836
759 759
759 2273
759 759
1793 2066
972 972
2237 2237
426 32
426 47
426 420
426 88
426 534
1416 1398
1416 1404
1416 1410
1416 1414
1416 1416
1416 1434
1416 1439
1416 1444
1416 1445
1416 1446
1416 1457
1416 1460
1416 1461
1416 1465
1416 1465
1416 1466
1416 1476
1416 1478
1416 1465
1416 1465
2352 445
2352 772
1051 1051
1411 1411
369 489
155 155
238 238
1145 1168
593 558
593 599
593 600
593 645
1279 1279
1266 1266
35 393
35 411
1276 1277
600 554
600 558
600 569
600 592
600 603
600 622
600 624
872 713
1353 1353
403 1525
403 467
403 128
403 146
403 534
1992 1992
558 558
2143 2087
2143 393
2143 2142
2143 2186
2143 2198
2143 2206
2143 2213
2143 2240
2143 2288
209 760
209 1959
928 896
928 911
928 926
928 1000
1390 1387
1390 1391
1390 1390
248 248
219 1401
219 69
219 89
1465 1465
2166 704
577 624
577 526
890 890
801 708
801 1492
801 489
801 2380
2121 2159
1033 1036
1033 1083
1033 1191
1380 1275
1380 1347
2077 1995
2077 2021
980 980
606 554
606 558
606 592
2372 708
381 713
381 1675
1101 1101
325 325
1555 1555
9 393
9 2159
9 2401
9 7
9 8
1518 1518
989 989
2178 2178
1513 436
1513 497
1513 515
1263 1263
1485 1485
1925 1925
1925 1925
1925 1925
2287 2107
2287 2117
2287 2159
2069 2069
1883 471
2016 2016
1044 1044
925 925
490 451
490 471
490 518
2214 2125
2214 667
2214 1685
1322 1322
1280 1280
1992 1992
2227 2288
2227 2227
1654 1654
1653 1653
2336 682
2123 2116
2123 2133
2123 2138
2123 2143
2123 2197
2123 2198
2123 2206
2123 2213
2123 2240
2123 2288
1115 1115
1964 1914
2161 713
1131 1111
1131 1110
1131 1096
1131 1110
2329 1654
2329 1661
2329 1684
701 701
75 61
75 125
75 145
75 146
75 526
1315 1314
1675 2115
1704 1717
1311 1311
733 1654
733 235
467 47
467 75
467 1525
467 180
467 536
750 750
1039 1039
1144 1086
556 555
556 568
556 602
556 611
556 625
1250 1278
1250 1310
1250 1356
1250 1350
562 742
562 476
562 622
562 476
562 476
797 797
1504 1482
1504 1525
1504 475
1504 509
1504 682
1504 1505
1490 1517
352 2317
352 489
774 808
774 751
2025 2025
2301 526
2267 445
798 809
798 834
798 798
2268 1615
2268 713
2268 2158
758 400
758 1525
566 553
566 564
566 568
774 774
236 1413
236 224
236 359
236 229
236 666
236 232
236 233
236 235
236 236
236 241
236 375
236 246
916 1621
916 991
2307 2167
1380 1380
1380 1380
1521 1495
1521 1909
1521 2218
1521 2312
1162 1028
836 1510
63 90
63 101
63 133
1561 1564
896 886
896 911
2268 2268
568 569
568 624
955 1545
955 1394
955 893
955 289
955 950
955 999
955 1390
955 992
955 338
955 999
1112 1112
2268 2268
938 718
938 749
938 761
938 827
997 997
624 552
624 555
624 558
624 397
624 568
624 569
624 1573
624 596
624 602
624 603
624 489
624 623
624 643
624 645
624 648
624 624
935 715
935 718
935 461
935 849
935 827
935 832
634 552
634 591
634 622
634 638
48 48
298 61
298 75
298 489
564 566
564 568
564 596
1139 1139
19 19
845 845
1931 1929
1931 1930
1931 1932
1931 1937
1231 1231
950 1545
950 1394
950 289
950 955
950 999
721 708
721 699
721 1641
721 1653
911 883
911 896
911 1000
2271 848
1440 1403
1440 1407
1440 1417
1440 1433
1440 1434
1440 1457
1440 1460
1440 1478
1440 1479
1440 1434
1440 1434
1014 1014
2099 525
2005 393
2005 1981
2005 2068
2045 2045
1295 1295
2379 320
2379 2379
1969 1968
1969 489
1969 525
565 566
565 568
565 596
2087 2116
2087 2132
2087 2133
2087 2138
2087 2186
2087 2198
2087 2213
2087 2404
2087 2231
2087 2288
1271 1284
1271 1324
1271 1331
1271 1331
1271 1331
1188 1188
359 359
551 569
897 48
897 68
897 181
1556 1573
844 844
1144 1144
1384 1314
1384 1315
1384 1331
1384 1314
2342 71
2342 1645
2027 2027
1690 1716
1690 1865
2103 2127
2370 31
1109 982
396 396
2343 2342
1349 1381
81 28
81 148
1431 1412
1431 1441
1431 1444
1431 235
1431 1462
1431 1466
1431 1467
1431 1468
1753 1753
1672 1672
31 216
31 658
31 70
31 1412
31 221
31 222
31 223
31 660
31 107
31 668
31 235
31 31
31 31
2343 2343
597 569
1984 1984
1984 254
222 222
736 1401
736 2145
736 684
1308 1308
782 696
782 845
782 496
782 496
1180 1180
18 20
1894 228
2188 2122
2188 2330
2188 2312
1427 1427
693 2398
693 693
852 1191
618 555
618 568
618 622
2002 2002
365 228
365 2374
2095 2095
78 26
78 142
2082 2083
2082 445
2082 493
690 433
525 525
2332 2332
46 46
2230 2148
2230 2174
2230 2178
2230 2203
2230 2223
2230 2266
2230 2230
1237 1237
1857 1857
52 52
1588 1578
2226 2162
2226 2189
2226 2151
1650 1655
1118 1118
1118 1118
1118 1118
536 536
2257 2282
2257 445
2257 2288
900 900
641 546
641 568
641 623
641 624
1789 1849
1789 1745
1789 1829
1789 1799
726 2148
2096 2197
2096 2292
2096 2294
2096 2295
2096 2297
2096 2303
2096 2288
2096 2199
2253 2126
2253 2197
2253 2270
2253 2288
2253 344
2187 2148
2187 2265
2187 2266
2187 2187
1791 1829
1791 1865
1791 1829
1557 1569
640 623
640 624
460 427
385 400
385 218
385 1509
837 837
300 758
1731 393
1731 1730
1731 1730
257 257
1566 1566
2286 1539
2286 2249
856 856
1914 1964
867 69
867 2288
867 2288
307 776
307 373
307 821
373 734
373 292
373 762
373 1464
1913 1912
1913 1914
1536 2102
794 715
794 749
794 2351
794 935
794 461
794 761
794 938
794 2387
794 832
794 833
1804 2229
512 512
72 31
72 235
72 244
1246 1251
1246 1274
1246 1312
1246 1329
1246 1348
1246 1329
1246 1329
1330 1330
1189 1053
1189 1110
1189 1131
1189 1316
1189 1034
1189 1160
1978 1978
947 1234
1788 1745
1788 1773
1788 1815
1788 1841
1788 1855
1788 1773
1788 1773
1246 1246
686 687
686 1544
790 776
790 818
790 1544
688 2119
1806 1806
1072 1111
1072 1110
1072 1110
1072 1131
1072 1160
1072 1110
1049 364
1303 1303
2254 2254
1975 2015
1975 2049
675 471
621 559
621 581
621 626
621 630
621 637
621 624
799 476
931 1545
931 887
931 893
931 999
931 955
931 235
931 1593
931 932
931 992
931 341
931 999
931 999
1147 1147
2057 445
2057 226
2057 1166
2057 2058
2057 1192
2057 2074
2347 818
302 302
1595 816
1595 965
525 399
525 400
525 713
525 410
525 277
525 196
525 1497
525 2229
525 525
525 851
525 525
165 30
165 147
165 188
920 1983
920 2004
920 1262
920 2016
2217 2217
2294 2096
2294 2225
2294 2224
2294 509
2294 2296
2294 2297
2294 2303
2294 2199
2065 2065
306 509
1312 393
1312 1246
1312 1274
1312 1329
1312 1348
1312 1329
85 14
85 32
85 43
85 77
85 112
816 816
2255 2255
1845 1845
1704 1704
211 211
2185 2185
2052 2052
2249 2119
2249 2196
2249 334
2249 1539
873 526
510 1211
510 1896
510 405
510 434
510 1264
510 254
510 475
510 509
510 1860
1189 1189
781 781
964 955
964 975
719 719
2131 2131
1445 1445
1165 1165
1457 1457
2260 708
2260 6
289 931
289 975
289 975
289 999
630 559
630 568
630 626
1482 1493
1482 476
1482 1505
1482 2259
1482 2182
949 289
949 1646
949 950
949 975
949 999
949 999
341 887
341 280
341 950
341 975
341 999
341 338
1479 1414
1479 1433
1479 1446
1479 1475
522 442
309 309
1120 1120
752 1615
752 1624
2334 2333
2334 2341
1487 1487
1270 1270
1796 1796
2102 1539
2353 237
2353 489
2353 1593
1249 1249
1594 973
1594 990
2079 1498
2079 236
2174 2091
2174 2148
2174 2153
2174 2203
2174 2230
2174 2263
2174 2298
1747 1775
785 2102
785 2119
785 509
1720 1775
1720 176
2338 713
959 696
1984 1984
1792 1718
1792 1745
1792 1799
1792 1840
817 476
8 2098
8 399
8 1647
8 2402
8 2404
8 525
8 6
8 7
1184 489
849 849
2289 489
2289 2299
968 1646
968 930
968 1150
1993 1986
1993 2049
1993 1991
1986 1993
1986 2010
887 893
887 931
887 955
887 341
943 1545
943 1394
943 289
943 931
943 999
943 955
943 932
943 341
943 999
1136 1136
579 593
579 624
2202 393
2202 2189
2202 2151
841 841
973 973
329 321
944 944
944 944
2119 2119
333 237
333 338
333 327
237 237
976 976
955 955
1552 1552
893 893
1001 480
151 43
151 69
151 171
151 188
188 393
188 69
188 85
188 147
188 182
147 30
147 151
147 165
147 171
347 347
2151 2314
754 754
2196 2207
2196 2249
2190 493
2190 2288
864 319
864 602
2035 2035
1035 489
78 78
1119 1119
1711 1698
1711 1699
1711 1703
1711 1705
1051 1051
1502 195
498 708
498 533
516 2359
516 500
2352 2352
1441 1441
1021 1021
725 2196
725 2207
725 2286
347 347
581 546
581 588
581 602
581 608
581 628
581 630
581 637
2170 2187
2170 2223
2170 2230
2039 2039
1594 1594
437 437
1949 476
2223 2170
2223 2174
2223 2187
2223 2230
2223 2264
2223 2265
2223 2296
613 546
613 555
613 569
613 624
613 624
1296 1296
1473 1474
1500 1532
1500 1487
1578 1570
264 445
2067 1995
2067 2074
2258 6
2382 119
2022 2022
977 1176
977 1177
637 581
637 621
637 630
2199 2199
1238 1238
1980 1980
626 602
626 630
626 637
1159 1159
889 696
889 280
889 962
889 696
384 696
384 216
384 56
384 69
384 378
384 525
1547 1547
1982 696
486 1635
486 1583
1979 1979
1715 386
1715 1714
1715 419
1715 464
1715 472
1917 623
1315 1315
1394 1394
950 950
1604 1604
1607 1607
2318 2318
2096 2096
2097 2097
1701 1702
1701 1703
1701 526
2068 2067
2068 2074
1262 1983
1262 1574
1262 2033
1262 254
326 1742
326 342
326 326
326 322
326 322
1902 466
1034 1072
1034 1117
1034 1137
1034 1160
1034 1110
2186 2186
1867 526
327 887
327 280
327 333
615 559
615 568
615 569
615 581
567 615
550 623
1943 1525
2213 2123
2213 2116
2213 2132
2213 2133
2213 2140
2213 2142
2213 2143
2213 2186
2213 2206
2213 2240
2213 2288
2206 2087
2206 2116
2206 2132
2206 2133
2206 2142
2206 2186
2206 2186
2206 2198
2206 2213
2206 2288
2387 2351
2387 461
2387 827
2387 832
2387 461
491 6
90 90
2141 2105
1437 1007
1437 1525
1437 509
1792 1792
274 2394
766 391
766 723
766 757
766 808
766 803
1255 1255
1355 1298
2183 2264
2183 6
757 391
757 723
757 808
757 751
757 803
757 819
757 720
206 425
206 206
206 509
795 795
301 301
2104 2104
1710 1700
1710 1707
1710 1709
1710 393
1111 1053
1111 1131
1111 1034
1111 1189
1111 1110
492 93
492 189
1709 1707
1709 393
1709 445
1707 1700
2081 31
2081 185
2081 1547
1987 1988
1987 2049
1133 348
1133 68
1133 1133
1629 1629
858 858
1633 1633
437 437
197 197
1638 1638
1636 1636
564 564
566 566
1639 1639
726 726
1766 1766
79 79
710 710
1066 1066
2341 2341
282 282
1256 1256
570 570
571 571
572 572
1645 1645
1646 1646
1644 1644
1647 1647
284 284
1339 1071
1023 1023
360 277
360 1412
360 228
360 1445
360 373
2387 2387
1592 1592
1666 1666
1803 1736
1803 1868
1803 1874
1803 1802
1803 1779
1803 1721
1827 1755
1827 1723
1323 1368
1323 1368
474 136
2180 2098
2180 2202
2180 2191
2180 2314
2180 2312
1703 1697
1703 1701
1703 1711
1703 526
391 391
1111 1111
108 31
108 52
108 69
108 70
108 221
108 107
108 185
1102 1102
1388 475
1443 696
1443 1412
1443 1416
1443 1573
1443 1428
1443 1434
1443 1439
1443 1444
1443 1445
1443 1446
1443 1451
1443 1458
1443 1465
1443 1466
1443 1467
1443 1478
1443 245
1443 1443
1443 1443
1443 1465
1142 1185
1142 1178
1142 1142
1697 1694
1697 1702
1697 1706
1698 1695
1698 1701
1698 1711
1207 1229
1818 1784
0 0
954 954
1664 1664
2231 2231
785 785
1132 1132
1294 1294
320 1573
320 2379
320 344
1674 1674
868 1645
868 868
1694 1702
1694 1712
1694 602
2388 1654
1718 1718
2207 2196
2207 2286
2207 2249
2207 2288
1726 1726
1786 1786
329 329
330 330
747 747
748 748
1793 1793
1018 1018
1650 1650
2350 2350
1745 1745
1756 1756
1757 1757
1064 1064
1773 1773
1789 1789
1833 1755
563 624
694 708
694 1493
2235 790
2235 1544
2365 1653
1805 1805
1810 1810
1813 1813
1817 1817
1053 1111
1053 1096
1053 1110
875 875
1543 1543
2241 2176
2241 445
2241 2237
2146 2086
648 397
648 1412
648 76
648 228
648 1460
648 1467
648 624
648 1476
648 1478
1012 391
1012 771
1012 1020
1012 1653
1012 496
1012 918
1012 1010
198 489
1865 1865
1911 1904
1962 1962
1963 1963
1911 1911
1904 1911
1904 475
1045 1045
803 803
1137 1072
1137 1110
1137 1096
1137 1117
1137 1034
1137 1189
560 560
1702 1695
1702 1697
1702 1698
1702 1701
1702 1711
1702 1712
1702 324
1763 1849
1763 1767
1763 1840
1117 63
1117 1053
1117 1072
1117 1110
1117 1189
1117 1110
2305 2272
2305 2273
1234 1234
1787 1717
1787 1745
1787 1799
1787 471
1787 1829
1787 1840
1787 1855
2051 2051
934 749
934 483
934 797
934 827
934 832
934 833
791 2119
1703 1703
1496 2186
982 982
1564 1561
1199 1199
1368 1368
1368 1368
1695 1698
1695 1701
1695 1702
1695 1712
945 2107
945 937
811 811
729 413
729 723
729 808
729 806
729 815
729 819
717 814
317 298
317 538
847 847
1110 1110
1110 1053
1110 1072
1110 1111
1110 1096
1110 1117
1110 254
1110 2040
1110 364
1110 1328
1110 1137
1110 1189
1110 1110
1160 1111
1160 1110
1160 1117
1160 1131
1160 1137
1160 1110
2345 1673
2255 2255
973 973
714 714
2299 489
2299 2289
713 2115
713 2157
713 1580
713 1662
713 381
713 1676
713 2268
713 1679
713 818
713 1565
713 822
674 235
376 68
1121 1058
1121 1084
1178 1036
1178 1055
1178 1062
1178 1127
1178 489
1178 1142
1178 1185
2128 2123
2128 2133
2128 2138
2128 2143
2128 2186
2128 2198
2128 2213
2128 2240
2128 2288
71 708
71 1641
71 90
71 107
71 185
1892 489
291 446
291 366
1020 771
1020 1641
1020 1012
1020 918
442 427
442 146
2277 2197
2277 509
2277 682
446 354
446 440
446 291
394 47
394 427
394 146
2074 2074
1096 1111
1096 1117
1096 1160
1096 1110
2288 708
2288 1310
2288 2254
2288 2288
2288 344
2288 2288
2288 2288
354 291
354 278
354 366
354 2288
1230 1346
2240 2240
1951 862
1951 2299
1790 1794
1790 1860
939 1016
939 960
939 289
939 932
939 975
6 393
6 399
6 2330
6 411
6 2159
6 2402
6 1653
6 2404
6 1
6 525
6 7
6 8
532 436
532 436
532 436
366 440
366 291
366 146
259 259
428 32
428 427
428 1525
1252 1261
1891 775
1891 489
1891 1960
1891 839
1937 1929
1937 1931
2324 2333
2324 2334
83 43
83 83
650 772
2039 2039
2211 2209
2211 2276
2211 2305
1906 1774
1958 1905
1958 498
1958 499
1905 1908
1905 1958
1908 1958
273 273
2059 2059
2125 727
2125 2308
377 186
377 393
377 1926
769 494
1776 1717
1776 494
347 347
2209 2093
2209 2255
2209 2305
616 568
616 615
616 624
1116 1115
1116 1115
753 753
1759 393
1759 400
1759 1837
1759 1802
1690 1690
1950 1953
1950 1954
1950 1955
1950 1957
1141 69
1141 1525
1141 2062
1141 1177
614 547
614 624
1486 416
1778 1755
1218 1007
1218 1231
1218 489
146 31
146 43
146 1493
146 61
146 75
146 107
146 109
146 110
146 125
146 846
146 128
146 140
146 509
146 159
146 526
146 185
642 569
1461 1461
1400 1403
1400 1407
1400 1423
1400 228
1400 233
1400 235
1400 1465
1400 1467
1400 245
1400 1434
1400 1434
815 729
2093 445
2093 458
2093 2209
2093 2211
2093 2272
2093 2276
1956 2233
1956 1950
1956 1954
1956 1957
1638 1607
1638 708
1638 2330
1638 1621
1638 1628
1638 1635
1638 1637
1638 1645
1638 1646
1638 1647
1638 457
1638 1654
1638 1661
1638 1660
1638 3
1638 5
1638 1673
1638 1685
1638 859
1870 1870
176 393
176 1621
176 1643
176 1653
176 1684
1957 1954
1957 1955
1957 1956
670 670
1954 1953
1954 1955
1954 2302
406 697
406 1717
406 400
406 401
406 445
406 525
1155 902
1155 397
1155 1064
1155 984
1155 787
1007 250
1007 445
2046 1990
2046 2066
2046 2074
256 1007
256 254
256 256
866 696
866 708
866 1509
866 315
866 866
866 866
697 445
540 409
540 61
540 432
540 440
540 575
540 449
540 136
540 538
56 384
2399 2394
391 14
391 24
391 393
391 400
391 1412
391 76
391 808
391 1417
391 1434
391 117
391 781
391 496
391 1467
391 819
1953 1525
1953 464
1953 1955
1953 1957
658 658
1334 489
1334 1326
1334 1330
257 249
1446 1398
1446 1400
1446 1404
1446 1411
1446 1416
1446 1418
1446 1430
1446 228
1446 1434
1446 1439
1446 1449
1446 1457
1446 1460
1446 1461
1446 1465
1446 1466
1446 1467
1446 1471
1446 1475
1446 1476
1446 1465
1446 1465
252 253
252 259
942 942
1955 2404
1955 1950
1955 1953
1955 1954
1955 1955
671 671
558 557
558 593
558 600
558 606
2086 2146
2086 2159
2086 2185
185 26
185 31
185 123
185 52
185 69
185 90
185 107
185 124
185 670
185 155
185 676
89 20
89 90
290 290
2302 510
26 52
26 221
26 89
26 228
26 1443
292 266
292 525
1907 1901
1907 1527
635 642
215 1722
215 52
215 69
215 1832
215 215
871 1611
871 876
744 742
210 1901
210 1647
210 805
210 819
210 210
965 458
965 489
965 874
965 1466
745 745
502 960
502 476
502 624
502 526
1571 461
1571 1571
1571 1571
1952 473
1714 1714
1430 1430
115 86
465 465
946 975
1194 1086
303 1527
643 569
1087 1141
1087 2062
1520 476
1010 1020
1010 1641
1010 1012
1010 918
1065 1065
1336 1573
1388 1388
213 213
213 89
213 445
213 124
227 237
277 277
1435 1435
262 526
1304 400
1304 1645
2276 445
2276 2209
2276 2211
2276 2247
2276 2255
2276 2272
2276 2273
368 451
287 287
729 729
1077 1078
1077 1130
1077 496
1768 1823
1768 1736
1768 1727
1768 1733
1768 1873
1768 1874
1768 1802
1768 1781
1768 1779
547 546
547 569
547 623
547 624
246 220
246 224
246 227
246 228
246 236
246 1468
246 244
246 246
246 247
1412 1412
877 1492
296 713
612 623
2039 2039
1712 1694
1712 1698
1712 1699
1712 1702
1712 1708
1712 1711
1712 493
499 708
499 498
499 1958
2039 2039
2069 2069
1708 1712
67 16
67 68
67 445
2225 2148
2262 471
1090 1090
880 880
2378 489
1324 1324
779 808
779 711
192 907
1874 1823
1874 1733
1874 1846
1874 1781
1874 1779
1055 1055
1846 1823
1846 1868
1846 1732
1846 1874
1846 1802
1846 1779
1779 1823
1779 1868
1779 1732
1779 1873
1779 1874
1779 1802
1779 1781
1779 1812
1779 1721
543 568
2152 706
1749 1749
33 33
2323 887
2323 922
2323 972
62 221
50 50
1777 1777
668 31
668 663
668 107
668 670
668 673
668 682
668 185
2208 2101
2208 2139
2208 405
2208 2186
2208 458
2208 489
2208 2274
2208 6
1305 1304
1733 1823
1733 1868
1733 1732
1733 1874
1733 1782
1733 1781
1733 1779
1733 1721
1782 1823
1782 393
1782 1868
1782 1873
1782 1779
1782 1721
1781 1800
1781 1736
1781 1733
1781 1846
1781 1874
1781 1802
1781 1803
1781 1831
1781 1779
1781 1812
1812 1823
1812 393
1812 1732
1812 1733
1812 1846
1812 1803
1812 1781
1812 1779
1812 1721
201 201
874 1126
874 965
2091 2126
2091 2148
2091 2174
625 555
625 602
625 617
625 624
437 1658
437 733
437 1897
195 734
1575 1619
1575 1626
1575 1585
1575 515
1575 1575
82 63
82 101
82 133
1179 1179
1089 1089
101 26
101 123
101 43
101 100
101 133
101 1390
101 1393
101 100
101 100
2189 2162
2189 393
2189 2306
2189 2314
2189 2180
2189 2151
2153 2148
2153 2154
1565 1565
2172 2090
2172 2148
2172 2197
604 554
604 569
604 600
604 624
990 990
778 960
778 779
103 103
1024 895
1024 1089
1024 2066
1024 1190
1024 1476
2362 393
2362 510
1426 1422
1426 1456
636 568
2311 393
2311 2330
2311 411
2311 1648
2311 1
2338 2338
1919 1919
1038 972
2089 2089
2274 2139
2274 2197
2016 1970
2016 1972
2016 2015
2016 1262
2016 2033
2016 254
2016 2060
2016 1468
2156 2296
2163 393
2163 1628
2163 2208
2163 2314
2163 2312
2212 400
2212 2288
1253 1227
1253 1261
1253 1281
1253 1316
1253 1331
1253 1351
1253 1376
2149 2330
2149 2191
997 997
702 702
1764 1764
414 57
414 451
414 471
414 521
716 1654
1946 1946
1948 1948
1947 1919
1947 1944
1947 1948
1947 375
1542 1489
1542 1546
1542 1490
1542 510
123 123
2210 393
2210 2156
1560 1560
978 978
2346 2346
2039 2039
488 488
660 660
2139 2139
152 89
2327 3
1078 1079
1078 1173
2173 2173
1510 75
1510 346
2089 2126
2089 2186
840 489
1366 1366
693 693
1715 1715
2105 2105
2109 2109
2116 2116
2114 2114
2120 2120
2124 2124
2129 2129
2137 2137
2146 2146
2142 2142
270 270
1040 1040
2331 2331
2158 2158
1044 1044
2161 2161
1619 1619
716 716
2332 2332
1901 1901
1626 1626
719 719
352 352
1628 1628
429 429
906 906
876 1641
876 871
986 986
1573 933
1573 1573
2008 2008
1520 1520
1269 1269
